0 0
1 1
2 0
3 1
4 1
5 2
6 2
7 3
8 4
9 4
10 6
11 6
12 7
13 9
14 10
15 11
16 12
17 13
18 15
19 17
20 19
21 20
22 22
23 24
24 26
25 28
26 30
27 32
28 34
29 37
30 38
31 42
32 44
33 46
34 48
35 51
36 54
37 56
38 59
39 62
40 65
41 67
42 71
43 73
44 76
45 79
46 82
47 85
48 88
49 91
50 94
51 98
52 101
53 104
54 107
55 110
56 113
57 117
58 120
59 124
60 127
61 130
62 132
63 136
64 139
65 142
66 146
67 149
68 152
69 156
70 159
71 162
72 165
73 169
74 172
75 174
76 178
77 181
78 184
79 187
80 190
81 194
82 197
83 199
84 203
85 206
86 208
87 211
88 214
89 217
90 220
91 223
92 225
93 228
94 231
95 233
96 236
97 238
98 241
99 244
100 246
101 248
102 251
103 253
104 255
105 258
106 260
107 262
108 264
109 266
110 268
111 270
112 272
113 274
114 275
115 277
116 278
117 280
118 282
119 283
120 285
121 287
122 288
123 289
124 290
125 292
126 293
127 294
128 295
129 296
130 297
131 297
132 299
133 299
134 300
135 301
136 301
137 302
138 303
139 303
140 303
141 304
142 304
143 305
144 305
145 306
146 305
147 306
148 306
149 306
150 306
151 306
152 305
153 306
154 305
155 305
156 304
157 304
158 304
159 303
160 303
161 302
162 302
163 301
164 300
165 299
166 299
167 298
168 297
169 297
170 296
171 295
172 294
173 293
174 292
175 290
176 290
177 289
178 287
179 286
180 285
181 284
182 283
183 282
184 280
185 279
186 277
187 276
188 275
189 274
190 272
191 270
192 270
193 268
194 266
195 265
196 263
197 261
198 260
199 259
200 257
201 256
202 254
203 253
204 250
205 249
206 247
207 246
208 244
209 243
210 241
211 240
212 238
213 236
214 235
215 233
216 231
217 230
218 228
219 226
220 225
221 223
222 222
223 220
224 219
225 217
226 216
227 213
228 213
229 211
230 209
231 208
232 206
233 205
234 203
235 202
236 201
237 200
238 198
239 196
240 195
241 194
242 192
243 191
244 190
245 189
246 188
247 186
248 185
249 184
250 183
251 182
252 181
253 179
254 179
255 177
256 176
257 175
258 175
259 173
260 173
261 171
262 171
263 170
264 169
265 168
266 167
267 167
268 166
269 165
270 165
271 164
272 163
273 163
274 162
275 162
276 161
277 160
278 160
279 160
280 159
281 159
282 158
283 158
284 158
285 158
286 157
287 157
288 157
289 156
290 156
291 156
292 156
293 156
294 156
295 156
296 156
297 156
298 156
299 156
300 156
301 156
302 156
303 157
304 156
305 157
306 157
307 157
308 157
309 158
310 158
311 158
312 160
313 159
314 160
315 160
316 160
317 161
318 161
319 161
320 163
321 163
322 163
323 164
324 164
325 165
326 165
327 166
328 166
329 167
330 168
331 168
332 169
333 169
334 170
335 171
336 171
337 172
338 173
339 174
340 174
341 175
342 175
343 176
344 177
345 178
346 178
347 179
348 180
349 180
350 181
351 182
352 183
353 184
354 185
355 185
356 186
357 187
358 187
359 188
360 189
361 190
362 191
363 191
364 192
365 193
366 194
367 195
368 195
369 196
370 197
371 198
372 198
373 199
374 200
375 200
376 201
377 202
378 203
379 204
380 204
381 205
382 205
383 206
384 207
385 208
386 208
387 209
388 210
389 210
390 211
391 211
392 211
393 212
394 213
395 214
396 214
397 215
398 215
399 216
400 216
401 217
402 217
403 218
404 218
405 219
406 219
407 220
408 220
409 221
410 221
411 221
412 222
413 222
414 223
415 223
416 223
417 224
418 224
419 224
420 225
421 225
422 226
423 226
424 226
425 226
426 226
427 227
428 227
429 227
430 227
431 227
432 228
433 228
434 228
435 228
436 228
437 228
438 228
439 229
440 228
441 228
442 228
443 229
444 229
445 229
446 228
447 229
448 229
449 228
450 228
451 229
452 228
453 228
454 228
455 228
456 228
457 228
458 228
459 228
460 227
461 227
462 227
463 227
464 227
465 226
466 227
467 226
468 226
469 226
470 226
471 225
472 225
473 225
474 225
475 224
476 224
477 224
478 223
479 223
480 223
481 223
482 222
483 222
484 222
485 222
486 221
487 221
488 221
489 220
490 220
491 219
492 219
493 219
494 218
495 218
496 218
497 218
498 217
499 217
500 216
501 216
502 216
503 215
504 215
505 214
506 214
507 214
508 213
509 213
510 212
511 212
512 212
513 211
514 212
515 211
516 211
517 210
518 210
519 209
520 209
521 208
522 208
523 208
524 207
525 207
526 207
527 206
528 206
529 206
530 205
531 205
532 205
533 204
534 204
535 203
536 204
537 203
538 203
539 202
540 202
541 202
542 202
543 201
544 201
545 201
546 200
547 200
548 200
549 200
550 199
551 199
552 199
553 198
554 198
555 198
556 198
557 197
558 197
559 197
560 197
561 197
562 197
563 196
564 196
565 196
566 196
567 196
568 196
569 196
570 195
571 195
572 195
573 195
574 195
575 195
576 195
577 194
578 195
579 194
580 194
581 194
582 194
583 194
584 194
585 194
586 194
587 194
588 194
589 194
590 194
591 194
592 193
593 194
594 194
595 194
596 194
597 194
598 193
599 194
600 194
601 194
602 194
603 194
604 194
605 194
606 194
607 194
608 194
609 194
610 194
611 194
612 194
613 195
614 194
615 195
616 195
617 195
618 195
619 195
620 195
621 195
622 195
623 195
624 196
625 196
626 196
627 196
628 196
629 196
630 196
631 197
632 197
633 197
634 197
635 197
636 197
637 197
638 198
639 198
640 198
641 198
642 199
643 199
644 199
645 199
646 199
647 199
648 200
649 200
650 200
651 200
652 201
653 201
654 201
655 201
656 201
657 201
658 201
659 202
660 202
661 202
662 203
663 203
664 203
665 203
666 203
667 204
668 203
669 204
670 204
671 204
672 204
673 204
674 205
675 205
676 205
677 205
678 205
679 205
680 205
681 206
682 206
683 206
684 206
685 206
686 206
687 207
688 207
689 207
690 207
691 207
692 207
693 207
694 207
695 207
696 208
697 208
698 208
699 208
700 208
701 208
702 208
703 208
704 208
705 209
706 209
707 209
708 209
709 209
710 210
711 209
712 209
713 209
714 209
715 209
716 210
717 210
718 210
719 210
720 210
721 210
722 210
723 210
724 210
725 210
726 210
727 210
728 210
729 210
730 210
731 210
732 210
733 210
734 210
735 210
736 210
737 210
738 210
739 210
740 210
741 210
742 210
743 210
744 210
745 210
746 210
747 210
748 210
749 210
750 210
751 210
752 210
753 210
754 210
755 210
756 210
757 210
758 210
759 210
760 210
761 210
762 210
763 210
764 210
765 210
766 209
767 210
768 210
769 210
770 209
771 209
772 209
773 209
774 209
775 209
776 209
777 209
778 209
779 209
780 208
781 209
782 209
783 208
784 209
785 208
786 209
787 208
788 208
789 208
790 208
791 208
792 208
793 208
794 208
795 208
796 207
797 208
798 207
799 207
800 207
801 207
802 207
803 207
804 207
805 207
806 207
807 207
808 207
809 206
810 207
811 206
812 207
813 207
814 206
815 206
816 206
817 206
818 206
819 206
820 206
821 206
822 206
823 206
824 206
825 205
826 206
827 206
828 205
829 206
830 205
831 206
832 205
833 205
834 205
835 205
836 205
837 205
838 204
839 205
840 205
841 205
842 205
843 204
844 204
845 204
846 204
847 204
848 204
849 204
850 204
851 204
852 204
853 204
854 204
855 204
856 203
857 203
858 204
859 203
860 204
861 203
862 204
863 203
864 203
865 203
866 203
867 203
868 203
869 203
870 203
871 203
872 203
873 203
874 203
875 203
876 203
877 202
878 203
879 203
880 203
881 203
882 202
883 203
884 202
885 203
886 203
887 203
888 203
889 202
890 203
891 203
892 203
893 202
894 202
895 202
896 202
897 202
898 202
899 202
900 202
901 202
902 202
903 202
904 202
905 202
906 202
907 202
908 202
909 202
910 202
911 202
912 202
913 202
914 202
915 202
916 203
917 202
918 203
919 203
920 203
921 203
922 203
923 202
924 203
925 203
926 203
927 203
928 203
929 203
930 203
931 203
932 203
933 203
934 203
935 203
936 203
937 203
938 203
939 203
940 203
941 203
942 203
943 203
944 204
945 203
946 203
947 203
948 204
949 204
950 203
951 204
952 204
953 204
954 204
955 204
956 204
957 204
958 204
959 204
960 205
961 204
962 204
963 204
964 204
965 204
966 204
967 205
968 204
969 205
970 204
971 204
972 205
973 205
974 205
975 205
976 205
977 205
978 205
979 206
980 206
981 206
982 206
983 206
984 206
985 206
986 206
987 206
988 206
989 206
990 206
991 206
992 206
993 206
994 206
995 206
996 206
997 206
998 206
999 206
1000 206
1001 206
1002 207
1003 206
1004 206
1005 206
1006 206
1007 207
1008 206
1009 206
1010 206
1011 207
1012 206
1013 207
1014 207
1015 207
1016 207
1017 207
1018 207
1019 206
1020 206
1021 206
1022 206
1023 207
1024 207
1025 207
1026 207
1027 207
1028 207
1029 207
1030 207
1031 206
1032 207
1033 206
1034 207
1035 207
1036 207
1037 207
1038 207
1039 207
1040 206
1041 207
1042 206
1043 207
1044 207
1045 207
1046 207
1047 207
1048 207
1049 207
1050 206
1051 206
1052 206
1053 207
1054 207
1055 206
1056 206
1057 206
1058 206
1059 206
1060 206
1061 206
1062 206
1063 206
1064 206
1065 206
1066 206
1067 206
1068 206
1069 206
1070 206
1071 206
1072 206
1073 206
1074 206
1075 205
1076 206
1077 206
1078 206
1079 206
1080 206
1081 206
1082 206
1083 206
1084 205
1085 206
1086 205
1087 205
1088 206
1089 206
1090 206
1091 205
1092 205
1093 205
1094 205
1095 205
1096 205
1097 205
1098 205
1099 205
1100 205
1101 206
1102 205
1103 205
1104 205
1105 205
1106 205
1107 204
1108 205
1109 205
1110 205
1111 205
1112 205
1113 205
1114 205
1115 205
1116 205
1117 205
1118 205
1119 204
1120 205
1121 205
1122 205
1123 204
1124 205
1125 205
1126 205
1127 205
1128 205
1129 205
1130 205
1131 205
1132 205
1133 205
1134 205
1135 205
1136 205
1137 205
1138 205
1139 205
1140 205
1141 205
1142 205
1143 205
1144 205
1145 205
1146 205
1147 205
1148 205
1149 205
1150 205
1151 205
1152 205
1153 205
1154 205
1155 205
1156 205
1157 204
1158 205
1159 205
1160 205
1161 205
1162 205
1163 205
1164 205
1165 205
1166 205
1167 205
1168 205
1169 205
1170 205
1171 205
1172 205
1173 205
1174 205
1175 205
1176 205
1177 205
1178 205
1179 204
1180 205
1181 205
1182 205
1183 205
1184 205
1185 204
1186 205
1187 204
1188 205
1189 205
1190 204
1191 205
1192 205
1193 204
1194 205
1195 205
1196 205
1197 205
1198 204
1199 204
1200 205
1201 205
1202 204
1203 204
1204 204
1205 205
1206 205
1207 205
1208 204
1209 205
1210 205
1211 204
1212 205
1213 204
1214 205
1215 204
1216 205
1217 205
1218 205
1219 205
1220 205
1221 205
1222 204
1223 204
1224 204
1225 204
1226 204
1227 204
1228 204
1229 204
1230 204
1231 204
1232 204
1233 204
1234 204
1235 204
1236 204
1237 204
1238 204
1239 204
1240 204
1241 204
1242 204
1243 204
1244 204
1245 204
1246 204
1247 204
1248 204
1249 205
1250 204
1251 205
1252 204
1253 204
1254 205
1255 204
1256 204
1257 204
1258 205
1259 204
1260 205
1261 205
1262 205
1263 205
1264 204
1265 205
1266 204
1267 205
1268 205
1269 205
1270 205
1271 205
1272 205
1273 205
1274 205
1275 205
1276 205
1277 205
1278 205
1279 205
1280 205
1281 205
1282 205
1283 205
1284 205
1285 206
1286 205
1287 205
1288 205
1289 205
1290 205
1291 205
1292 205
1293 205
1294 205
1295 205
1296 205
1297 205
1298 205
1299 205
1300 205
1301 205
1302 206
1303 205
1304 205
1305 205
1306 205
1307 205
1308 206
1309 206
1310 205
1311 205
1312 206
1313 206
1314 206
1315 206
1316 206
1317 206
1318 206
1319 206
1320 206
1321 206
1322 206
1323 206
1324 206
1325 206
1326 206
1327 206
1328 206
1329 206
1330 206
1331 206
1332 206
1333 206
1334 206
1335 206
1336 206
1337 206
1338 206
1339 206
1340 206
1341 206
1342 206
1343 206
1344 206
1345 206
1346 206
1347 206
1348 206
1349 206
1350 206
1351 206
1352 206
1353 205
1354 206
1355 206
1356 206
1357 206
1358 206
1359 206
1360 206
1361 206
1362 206
1363 206
1364 206
1365 206
1366 206
1367 206
1368 205
1369 206
1370 205
1371 206
1372 206
1373 206
1374 205
1375 206
1376 206
1377 206
1378 206
1379 205
1380 206
1381 205
1382 205
1383 205
1384 205
1385 205
1386 205
1387 206
1388 205
1389 205
1390 205
1391 204
1392 205
1393 205
1394 205
1395 205
1396 205
1397 205
1398 205
1399 205
1400 205
1401 205
1402 204
1403 205
1404 205
1405 205
1406 205
1407 204
1408 205
1409 205
1410 205
1411 204
1412 205
1413 204
1414 205
1415 205
1416 205
1417 205
1418 205
1419 205
1420 205
1421 205
1422 205
1423 204
1424 204
1425 204
1426 204
1427 204
1428 205
1429 204
1430 204
1431 205
1432 204
1433 205
1434 204
1435 204
1436 204
1437 204
1438 204
1439 204
1440 204
1441 204
1442 205
1443 205
1444 204
1445 205
1446 204
1447 204
1448 204
1449 205
1450 204
1451 205
1452 205
1453 204
1454 204
1455 205
1456 205
1457 204
1458 205
1459 205
1460 205
1461 204
1462 205
1463 205
1464 204
1465 205
1466 205
1467 205
1468 205
1469 205
1470 205
1471 205
1472 205
1473 205
1474 205
1475 205
1476 205
1477 205
1478 205
1479 205
1480 205
1481 205
1482 205
1483 205
1484 205
1485 206
1486 205
1487 205
1488 205
1489 205
1490 205
1491 205
1492 205
1493 205
1494 205
1495 205
1496 205
1497 205
1498 205
1499 205
1500 206
1501 205
1502 205
1503 206
1504 205
1505 205
1506 205
1507 205
1508 205
1509 206
1510 205
1511 205
1512 205
1513 205
1514 205
1515 205
1516 206
1517 205
1518 206
1519 205
1520 205
1521 206
1522 206
1523 205
1524 205
1525 205
1526 206
1527 206
1528 205
1529 206
1530 205
1531 206
1532 205
1533 205
1534 206
1535 205
1536 206
1537 205
1538 205
1539 206
1540 206
1541 205
1542 205
1543 205
1544 205
1545 205
1546 206
1547 205
1548 206
1549 205
1550 206
1551 205
1552 206
1553 205
1554 205
1555 205
1556 205
1557 205
1558 205
1559 205
1560 204
1561 205
1562 205
1563 205
1564 205
1565 205
1566 205
1567 205
1568 205
1569 205
1570 205
1571 205
1572 205
1573 205
1574 205
1575 205
1576 205
1577 205
1578 205
1579 205
1580 205
1581 205
1582 205
1583 205
1584 205
1585 205
1586 205
1587 205
1588 205
1589 205
1590 205
1591 205
1592 205
1593 205
1594 205
1595 205
1596 205
1597 205
1598 205
1599 205
1600 205
1601 205
1602 205
1603 205
1604 205
1605 205
1606 205
1607 205
1608 205
1609 205
1610 205
1611 205
1612 205
1613 205
1614 205
1615 205
1616 205
1617 205
1618 205
1619 205
1620 205
1621 205
1622 205
1623 205
1624 205
1625 205
1626 205
1627 205
1628 205
1629 205
1630 205
1631 205
1632 205
1633 205
1634 205
1635 205
1636 206
1637 205
1638 206
1639 205
1640 206
1641 205
1642 206
1643 206
1644 205
1645 206
1646 206
1647 206
1648 205
1649 206
1650 205
1651 205
1652 205
1653 205
1654 205
1655 205
1656 206
1657 205
1658 205
1659 205
1660 206
1661 206
1662 205
1663 206
1664 205
1665 206
1666 205
1667 205
1668 205
1669 205
1670 206
1671 205
1672 205
1673 205
1674 205
1675 206
1676 205
1677 206
1678 205
1679 205
1680 205
1681 205
1682 205
1683 205
1684 206
1685 205
1686 205
1687 206
1688 205
1689 205
1690 205
1691 206
1692 205
1693 205
1694 205
1695 205
1696 205
1697 205
1698 205
1699 205
1700 205
1701 205
1702 205
1703 206
1704 205
1705 205
1706 205
1707 206
1708 205
1709 205
1710 205
1711 205
1712 205
1713 205
1714 205
1715 205
1716 206
1717 205
1718 205
1719 205
1720 205
1721 205
1722 205
1723 205
1724 205
1725 205
1726 205
1727 205
1728 205
1729 205
1730 205
1731 205
1732 205
1733 205
1734 205
1735 205
1736 205
1737 205
1738 205
1739 205
1740 205
1741 205
1742 205
1743 205
1744 205
1745 205
1746 205
1747 205
1748 205
1749 205
1750 205
1751 205
1752 205
1753 205
1754 205
1755 205
1756 205
1757 205
1758 205
1759 205
1760 205
1761 204
1762 204
1763 204
1764 205
1765 205
1766 205
1767 205
1768 205
1769 205
1770 205
1771 205
1772 205
1773 205
1774 205
1775 205
1776 205
1777 205
1778 205
1779 205
1780 205
1781 205
1782 205
1783 205
1784 204
1785 205
1786 205
1787 205
1788 205
1789 205
1790 205
1791 205
1792 205
1793 204
1794 205
1795 205
1796 205
1797 205
1798 205
1799 205
1800 205
1801 205
1802 205
1803 205
1804 205
1805 205
1806 205
1807 205
1808 205
1809 205
1810 205
1811 205
1812 205
1813 205
1814 204
1815 205
1816 205
1817 205
1818 205
1819 205
1820 205
1821 205
1822 205
1823 205
1824 205
1825 205
1826 205
1827 205
1828 205
1829 205
1830 205
1831 205
1832 205
1833 205
1834 205
1835 204
1836 205
1837 205
1838 205
1839 205
1840 205
1841 205
1842 205
1843 205
1844 205
1845 205
1846 205
1847 205
1848 206
1849 205
1850 205
1851 205
1852 205
1853 205
1854 205
1855 205
1856 205
1857 205
1858 205
1859 205
1860 205
1861 205
1862 205
1863 205
1864 206
1865 205
1866 205
1867 205
1868 205
1869 205
1870 205
1871 205
1872 205
1873 205
1874 205
1875 205
1876 205
1877 205
1878 205
1879 205
1880 205
1881 205
1882 205
1883 205
1884 206
1885 205
1886 205
1887 206
1888 205
1889 205
1890 205
1891 205
1892 205
1893 205
1894 205
1895 205
1896 205
1897 205
1898 205
1899 205
1900 205
1901 205
1902 205
1903 205
1904 205
1905 206
1906 205
1907 205
1908 205
1909 205
1910 205
1911 206
1912 206
1913 205
1914 205
1915 206
1916 205
1917 205
1918 205
1919 206
1920 205
1921 206
1922 205
1923 206
1924 205
1925 205
1926 205
1927 205
1928 206
1929 205
1930 206
1931 205
1932 205
1933 206
1934 205
1935 205
1936 206
1937 205
1938 206
1939 206
1940 206
1941 205
1942 205
1943 205
1944 206
1945 205
1946 206
1947 205
1948 205
1949 205
1950 205
1951 205
1952 205
1953 205
1954 206
1955 205
1956 205
1957 205
1958 205
1959 206
1960 205
1961 205
1962 205
1963 205
1964 205
1965 205
1966 205
1967 206
1968 205
1969 205
1970 205
1971 205
1972 205
1973 205
1974 205
1975 206
1976 206
1977 206
1978 206
1979 206
1980 206
1981 206
1982 206
1983 206
1984 206
1985 206
1986 206
1987 206
1988 206
1989 206
1990 206
1991 206
1992 206
1993 206
1994 206
1995 206
1996 205
1997 206
1998 206
1999 206
2000 206
2001 205
2002 205
2003 205
2004 205
2005 204
2006 204
2007 203
2008 203
2009 202
2010 200
2011 200
2012 199
2013 198
2014 196
2015 195
2016 194
2017 192
2018 191
2019 189
2020 188
2021 185
2022 184
2023 182
2024 180
2025 178
2026 176
2027 174
2028 171
2029 169
2030 167
2031 165
2032 162
2033 160
2034 157
2035 154
2036 152
2037 149
2038 147
2039 143
2040 141
2041 138
2042 135
2043 132
2044 129
2045 127
2046 123
2047 120
2048 117
2049 114
2050 111
2051 107
2052 105
2053 101
2054 98
2055 95
2056 92
2057 88
2058 84
2059 82
2060 78
2061 75
2062 72
2063 69
2064 65
2065 62
2066 58
2067 55
2068 52
2069 48
2070 46
2071 42
2072 39
2073 35
2074 32
2075 29
2076 26
2077 23
2078 20
2079 16
2080 13
2081 10
2082 8
2083 4
2084 1
2085 -2
2086 -5
2087 -8
2088 -11
2089 -14
2090 -17
2091 -19
2092 -22
2093 -25
2094 -27
2095 -30
2096 -33
2097 -35
2098 -38
2099 -40
2100 -43
2101 -45
2102 -47
2103 -50
2104 -52
2105 -54
2106 -56
2107 -58
2108 -61
2109 -62
2110 -64
2111 -66
2112 -68
2113 -70
2114 -72
2115 -73
2116 -75
2117 -77
2118 -78
2119 -80
2120 -81
2121 -82
2122 -84
2123 -85
2124 -87
2125 -87
2126 -88
2127 -89
2128 -91
2129 -92
2130 -93
2131 -94
2132 -94
2133 -96
2134 -96
2135 -97
2136 -97
2137 -98
2138 -98
2139 -99
2140 -99
2141 -99
2142 -100
2143 -100
2144 -100
2145 -100
2146 -100
2147 -100
2148 -100
2149 -100
2150 -100
2151 -100
2152 -100
2153 -100
2154 -100
2155 -99
2156 -99
2157 -99
2158 -98
2159 -98
2160 -97
2161 -97
2162 -96
2163 -95
2164 -95
2165 -94
2166 -93
2167 -92
2168 -92
2169 -90
2170 -90
2171 -89
2172 -88
2173 -87
2174 -86
2175 -85
2176 -84
2177 -83
2178 -82
2179 -81
2180 -79
2181 -78
2182 -77
2183 -75
2184 -74
2185 -73
2186 -72
2187 -70
2188 -69
2189 -68
2190 -66
2191 -65
2192 -63
2193 -62
2194 -60
2195 -59
2196 -57
2197 -55
2198 -54
2199 -53
2200 -51
2201 -50
2202 -48
2203 -46
2204 -45
2205 -43
2206 -42
2207 -40
2208 -38
2209 -37
2210 -35
2211 -34
2212 -32
2213 -30
2214 -29
2215 -27
2216 -26
2217 -24
2218 -23
2219 -21
2220 -19
2221 -18
2222 -16
2223 -15
2224 -13
2225 -12
2226 -10
2227 -9
2228 -8
2229 -6
2230 -4
2231 -3
2232 -1
2233 0
2234 2
2235 4
2236 5
2237 6
2238 8
2239 9
2240 10
2241 11
2242 13
2243 14
2244 15
2245 17
2246 17
2247 19
2248 20
2249 22
2250 23
2251 24
2252 25
2253 26
2254 27
2255 28
2256 29
2257 30
2258 31
2259 32
2260 33
2261 34
2262 35
2263 35
2264 36
2265 37
2266 38
2267 39
2268 40
2269 40
2270 41
2271 41
2272 42
2273 43
2274 43
2275 44
2276 44
2277 45
2278 45
2279 46
2280 46
2281 46
2282 47
2283 47
2284 48
2285 48
2286 48
2287 49
2288 49
2289 49
2290 49
2291 49
2292 49
2293 49
2294 49
2295 49
2296 49
2297 49
2298 49
2299 49
2300 50
2301 49
2302 49
2303 49
2304 49
2305 49
2306 49
2307 48
2308 49
2309 48
2310 48
2311 47
2312 47
2313 47
2314 47
2315 46
2316 45
2317 45
2318 45
2319 44
2320 44
2321 44
2322 43
2323 42
2324 41
2325 41
2326 41
2327 40
2328 40
2329 39
2330 38
2331 38
2332 37
2333 36
2334 36
2335 35
2336 35
2337 34
2338 33
2339 33
2340 32
2341 31
2342 31
2343 29
2344 29
2345 28
2346 27
2347 26
2348 26
2349 25
2350 24
2351 24
2352 23
2353 22
2354 21
2355 21
2356 19
2357 19
2358 18
2359 17
2360 17
2361 16
2362 15
2363 14
2364 13
2365 12
2366 12
2367 11
2368 10
2369 9
2370 8
2371 8
2372 7
2373 6
2374 5
2375 4
2376 4
2377 3
2378 3
2379 2
2380 1
2381 0
2382 -1
2383 -2
2384 -2
2385 -3
2386 -4
2387 -5
2388 -6
2389 -6
2390 -7
2391 -8
2392 -8
2393 -9
2394 -10
2395 -10
2396 -11
2397 -11
2398 -12
2399 -12
2400 -13
2401 -13
2402 -14
2403 -15
2404 -15
2405 -15
2406 -16
2407 -17
2408 -17
2409 -17
2410 -17
2411 -18
2412 -18
2413 -19
2414 -19
2415 -20
2416 -20
2417 -20
2418 -21
2419 -21
2420 -21
2421 -21
2422 -22
2423 -22
2424 -22
2425 -23
2426 -23
2427 -23
2428 -23
2429 -23
2430 -24
2431 -24
2432 -24
2433 -24
2434 -24
2435 -24
2436 -25
2437 -24
2438 -24
2439 -25
2440 -24
2441 -25
2442 -25
2443 -25
2444 -24
2445 -25
2446 -25
2447 -24
2448 -25
2449 -24
2450 -25
2451 -24
2452 -24
2453 -24
2454 -24
2455 -24
2456 -24
2457 -24
2458 -23
2459 -23
2460 -23
2461 -23
2462 -23
2463 -23
2464 -22
2465 -22
2466 -22
2467 -22
2468 -22
2469 -21
2470 -21
2471 -21
2472 -20
2473 -20
2474 -20
2475 -19
2476 -19
2477 -19
2478 -18
2479 -18
2480 -18
2481 -18
2482 -18
2483 -17
2484 -17
2485 -16
2486 -16
2487 -16
2488 -15
2489 -15
2490 -14
2491 -14
2492 -14
2493 -13
2494 -13
2495 -12
2496 -12
2497 -11
2498 -11
2499 -11
2500 -11
2501 -10
2502 -10
2503 -9
2504 -9
2505 -9
2506 -9
2507 -8
2508 -8
2509 -7
2510 -7
2511 -6
2512 -6
2513 -5
2514 -5
2515 -5
2516 -4
2517 -4
2518 -4
2519 -3
2520 -3
2521 -2
2522 -2
2523 -1
2524 -1
2525 0
2526 0
2527 0
2528 1
2529 1
2530 2
2531 2
2532 2
2533 3
2534 3
2535 3
2536 3
2537 4
2538 4
2539 5
2540 5
2541 5
2542 5
2543 6
2544 6
2545 6
2546 6
2547 7
2548 7
2549 7
2550 7
2551 7
2552 8
2553 8
2554 8
2555 8
2556 8
2557 9
2558 9
2559 9
2560 9
2561 9
2562 10
2563 10
2564 10
2565 10
2566 10
2567 10
2568 11
2569 11
2570 11
2571 11
2572 11
2573 11
2574 11
2575 11
2576 11
2577 11
2578 11
2579 11
2580 12
2581 11
2582 12
2583 12
2584 12
2585 12
2586 12
2587 12
2588 12
2589 12
2590 12
2591 12
2592 12
2593 11
2594 12
2595 12
2596 12
2597 11
2598 12
2599 12
2600 12
2601 12
2602 11
2603 12
2604 11
2605 11
2606 11
2607 11
2608 11
2609 11
2610 11
2611 11
2612 11
2613 10
2614 11
2615 11
2616 10
2617 10
2618 10
2619 10
2620 10
2621 10
2622 9
2623 10
2624 9
2625 9
2626 9
2627 9
2628 9
2629 8
2630 8
2631 8
2632 8
2633 8
2634 8
2635 8
2636 8
2637 7
2638 7
2639 7
2640 7
2641 7
2642 7
2643 6
2644 6
2645 6
2646 6
2647 6
2648 5
2649 5
2650 5
2651 5
2652 5
2653 4
2654 4
2655 4
2656 4
2657 4
2658 4
2659 3
2660 3
2661 3
2662 2
2663 3
2664 2
2665 3
2666 2
2667 2
2668 2
2669 1
2670 1
2671 1
2672 1
2673 0
2674 1
2675 0
2676 0
2677 0
2678 0
2679 -1
2680 -1
2681 -1
2682 -1
2683 -1
2684 -2
2685 -1
2686 -2
2687 -2
2688 -2
2689 -2
2690 -3
2691 -3
2692 -3
2693 -3
2694 -3
2695 -3
2696 -4
2697 -4
2698 -4
2699 -4
2700 -4
2701 -4
2702 -4
2703 -4
2704 -5
2705 -5
2706 -5
2707 -5
2708 -5
2709 -5
2710 -5
2711 -5
2712 -5
2713 -5
2714 -6
2715 -6
2716 -6
2717 -6
2718 -6
2719 -6
2720 -6
2721 -6
2722 -6
2723 -6
2724 -6
2725 -6
2726 -6
2727 -6
2728 -6
2729 -6
2730 -6
2731 -6
2732 -7
2733 -6
2734 -7
2735 -6
2736 -6
2737 -6
2738 -6
2739 -6
2740 -6
2741 -7
2742 -6
2743 -6
2744 -6
2745 -6
2746 -6
2747 -6
2748 -6
2749 -6
2750 -7
2751 -6
2752 -6
2753 -6
2754 -6
2755 -6
2756 -6
2757 -6
2758 -6
2759 -6
2760 -6
2761 -5
2762 -6
2763 -5
2764 -5
2765 -5
2766 -5
2767 -5
2768 -5
2769 -5
2770 -5
2771 -5
2772 -5
2773 -5
2774 -5
2775 -5
2776 -5
2777 -4
2778 -5
2779 -4
2780 -4
2781 -4
2782 -4
2783 -4
2784 -4
2785 -4
2786 -3
2787 -3
2788 -3
2789 -3
2790 -3
2791 -3
2792 -3
2793 -3
2794 -3
2795 -2
2796 -3
2797 -2
2798 -2
2799 -2
2800 -1
2801 -2
2802 -1
2803 -1
2804 -1
2805 -1
2806 -1
2807 0
2808 -1
2809 0
2810 0
2811 0
2812 0
2813 0
2814 1
2815 0
2816 1
2817 1
2818 1
2819 1
2820 1
2821 1
2822 1
2823 1
2824 1
2825 1
2826 1
2827 1
2828 1
2829 2
2830 2
2831 2
2832 2
2833 2
2834 2
2835 2
2836 2
2837 2
2838 2
2839 2
2840 2
2841 3
2842 2
2843 3
2844 2
2845 3
2846 3
2847 3
2848 3
2849 3
2850 3
2851 3
2852 3
2853 3
2854 3
2855 3
2856 3
2857 3
2858 3
2859 3
2860 4
2861 3
2862 3
2863 3
2864 3
2865 3
2866 3
2867 3
2868 4
2869 4
2870 3
2871 4
2872 3
2873 3
2874 3
2875 3
2876 4
2877 3
2878 4
2879 3
2880 3
2881 3
2882 3
2883 3
2884 3
2885 3
2886 3
2887 4
2888 3
2889 3
2890 3
2891 3
2892 3
2893 3
2894 3
2895 3
2896 3
2897 3
2898 3
2899 3
2900 3
2901 3
2902 3
2903 3
2904 3
2905 2
2906 3
2907 2
2908 3
2909 2
2910 3
2911 2
2912 2
2913 2
2914 2
2915 2
2916 2
2917 2
2918 2
2919 2
2920 2
2921 2
2922 2
2923 2
2924 2
2925 2
2926 2
2927 2
2928 2
2929 2
2930 1
2931 2
2932 1
2933 2
2934 1
2935 1
2936 1
2937 1
2938 1
2939 1
2940 1
2941 1
2942 1
2943 1
2944 1
2945 1
2946 0
2947 1
2948 0
2949 0
2950 0
2951 0
2952 0
2953 0
2954 0
2955 0
2956 0
2957 0
2958 0
2959 0
2960 0
2961 0
2962 0
2963 0
2964 0
2965 0
2966 0
2967 0
2968 0
2969 0
2970 0
2971 0
2972 0
2973 0
2974 -1
2975 0
2976 -1
2977 0
2978 0
2979 -1
2980 -1
2981 0
2982 -1
2983 -1
2984 0
2985 -1
2986 -1
2987 -1
2988 -1
2989 -1
2990 -1
2991 -1
2992 -1
2993 -1
2994 -1
2995 -1
2996 -1
2997 -1
2998 -1
2999 -2
3000 -1
3001 -1
3002 -1
3003 -1
3004 -1
3005 -1
3006 -1
3007 -1
3008 -2
3009 -2
3010 -1
3011 -2
3012 -1
3013 -1
3014 -1
3015 -2
3016 -1
3017 -2
3018 -2
3019 -1
3020 -2
3021 -1
3022 -2
3023 -2
3024 -2
3025 -2
3026 -2
3027 -1
3028 -1
3029 -1
3030 -1
3031 -2
3032 -1
3033 -2
3034 -2
3035 -1
3036 -2
3037 -1
3038 -1
3039 -1
3040 -2
3041 -1
3042 -1
3043 -1
3044 -1
3045 -1
3046 -2
3047 -2
3048 -2
3049 -1
3050 -2
3051 -1
3052 -2
3053 -2
3054 -2
3055 -2
3056 -2
3057 -2
3058 -1
3059 -2
3060 -1
3061 -1
3062 -1
3063 -1
3064 -1
3065 -1
3066 -2
3067 -1
3068 -1
3069 -1
3070 -1
3071 -1
3072 -1
3073 -1
3074 -1
3075 -1
3076 -1
3077 -1
3078 -1
3079 -1
3080 -1
3081 -1
3082 -1
3083 -1
3084 0
3085 0
3086 -1
3087 -1
3088 0
3089 -1
3090 0
3091 -1
3092 0
3093 0
3094 0
3095 0
3096 0
3097 0
3098 0
3099 0
3100 0
3101 0
3102 1
3103 0
3104 0
3105 0
3106 0
3107 1
3108 0
3109 1
3110 0
3111 1
3112 0
3113 1
3114 1
3115 0
3116 0
3117 0
3118 1
3119 0
3120 1
3121 0
3122 1
3123 1
3124 0
3125 1
3126 0
3127 1
3128 1
3129 1
3130 1
3131 1
3132 1
3133 1
3134 1
3135 1
3136 1
3137 1
3138 1
3139 1
3140 1
3141 1
3142 1
3143 1
3144 1
3145 1
3146 1
3147 1
3148 1
3149 1
3150 1
3151 1
3152 1
3153 1
3154 1
3155 1
3156 1
3157 1
3158 1
3159 1
3160 1
3161 1
3162 1
3163 1
3164 1
3165 1
3166 1
3167 1
3168 1
3169 1
3170 1
3171 1
3172 1
3173 1
3174 1
3175 1
3176 1
3177 1
3178 1
3179 1
3180 1
3181 1
3182 1
3183 1
3184 1
3185 1
3186 1
3187 1
3188 1
3189 1
3190 1
3191 1
3192 1
3193 1
3194 1
3195 1
3196 1
3197 1
3198 1
3199 1
3200 1
3201 1
3202 1
3203 1
3204 1
3205 1
3206 1
3207 1
3208 1
3209 1
3210 1
3211 1
3212 1
3213 1
3214 1
3215 1
3216 1
3217 1
3218 1
3219 0
3220 1
3221 0
3222 0
3223 1
3224 0
3225 1
3226 0
3227 1
3228 1
3229 0
3230 0
3231 0
3232 1
3233 0
3234 0
3235 0
3236 0
3237 0
3238 0
3239 1
3240 0
3241 0
3242 0
3243 0
3244 0
3245 0
3246 0
3247 0
3248 0
3249 0
3250 0
3251 0
3252 0
3253 0
3254 0
3255 0
3256 0
3257 0
3258 0
3259 0
3260 0
3261 0
3262 0
3263 0
3264 0
3265 0
3266 0
3267 0
3268 0
3269 0
3270 0
3271 0
3272 0
3273 0
3274 0
3275 -1
3276 0
3277 0
3278 0
3279 0
3280 0
3281 0
3282 0
3283 0
3284 0
3285 0
3286 -1
3287 0
3288 -1
3289 -1
3290 0
3291 0
3292 0
3293 0
3294 0
3295 0
3296 -1
3297 -1
3298 0
3299 0
3300 -1
3301 0
3302 0
3303 0
3304 0
3305 0
3306 0
3307 0
3308 0
3309 0
3310 0
3311 0
3312 0
3313 0
3314 0
3315 0
3316 0
3317 0
3318 0
3319 0
3320 0
3321 0
3322 0
3323 0
3324 0
3325 0
3326 0
3327 0
3328 0
3329 0
3330 0
3331 0
3332 -1
3333 0
3334 0
3335 0
3336 0
3337 0
3338 0
3339 0
3340 0
3341 0
3342 0
3343 0
3344 0
3345 0
3346 0
3347 0
3348 0
3349 0
3350 -1
3351 0
3352 0
3353 0
3354 0
3355 -1
3356 0
3357 0
3358 0
3359 0
3360 -1
3361 0
3362 -1
3363 0
3364 -1
3365 0
3366 0
3367 0
3368 0
3369 0
3370 0
3371 -1
3372 0
3373 0
3374 0
3375 0
3376 0
3377 0
3378 0
3379 0
3380 0
3381 0
3382 0
3383 0
3384 0
3385 0
3386 0
3387 0
3388 0
3389 -1
3390 -1
3391 0
3392 -1
3393 -1
3394 -1
3395 0
3396 0
3397 0
3398 0
3399 -1
3400 0
3401 0
3402 0
3403 -1
3404 0
3405 0
3406 0
3407 0
3408 -1
3409 0
3410 -1
3411 0
3412 0
3413 0
3414 -1
3415 0
3416 0
3417 0
3418 0
3419 0
3420 0
3421 0
3422 0
3423 0
3424 0
3425 0
3426 0
3427 0
3428 0
3429 0
3430 0
3431 -1
3432 0
3433 0
3434 0
3435 0
3436 0
3437 0
3438 0
3439 0
3440 0
3441 0
3442 0
3443 0
3444 0
3445 0
3446 0
3447 0
3448 0
3449 0
3450 0
3451 0
3452 0
3453 0
3454 0
3455 0
3456 0
3457 0
3458 0
3459 0
3460 0
3461 0
3462 0
3463 0
3464 0
3465 0
3466 1
3467 0
3468 1
3469 1
3470 1
3471 1
3472 0
3473 1
3474 1
3475 1
3476 1
3477 1
3478 1
3479 0
3480 1
3481 1
3482 1
3483 0
3484 1
3485 1
3486 1
3487 1
3488 0
3489 1
3490 1
3491 1
3492 0
3493 1
3494 1
3495 0
3496 1
3497 1
3498 1
3499 0
3500 1
3501 1
3502 1
3503 1
3504 1
3505 1
3506 1
3507 0
3508 0
3509 1
3510 0
3511 0
3512 1
3513 1
3514 1
3515 0
3516 1
3517 1
3518 0
3519 0
3520 0
3521 0
3522 0
3523 1
3524 0
3525 0
3526 0
3527 0
3528 0
3529 0
3530 0
3531 1
3532 0
3533 0
3534 0
3535 0
3536 0
3537 0
3538 0
3539 0
3540 0
3541 0
3542 0
3543 0
3544 1
3545 0
3546 0
3547 0
3548 0
3549 0
3550 0
3551 0
3552 -1
3553 0
3554 0
3555 0
3556 0
3557 0
3558 0
3559 -1
3560 0
3561 0
3562 -1
3563 0
3564 0
3565 0
3566 -1
3567 0
3568 0
3569 0
3570 0
3571 0
3572 0
3573 0
3574 0
3575 0
3576 0
3577 0
3578 0
3579 0
3580 0
3581 0
3582 0
3583 0
3584 0
3585 0
3586 0
3587 0
3588 0
3589 0
3590 0
3591 -1
3592 0
3593 0
3594 0
3595 0
3596 0
3597 0
3598 0
3599 0
3600 0
3601 -1
3602 0
3603 0
3604 0
3605 0
3606 0
3607 0
3608 0
3609 0
3610 0
3611 0
3612 0
3613 -1
3614 0
3615 0
3616 -1
3617 0
3618 -1
3619 0
3620 0
3621 0
3622 0
3623 0
3624 0
3625 0
3626 0
3627 0
3628 0
3629 0
3630 0
3631 0
3632 0
3633 0
3634 0
3635 0
3636 0
3637 0
3638 0
3639 0
3640 0
3641 0
3642 0
3643 0
3644 0
3645 0
3646 0
3647 0
3648 0
3649 0
3650 0
3651 0
3652 0
3653 0
3654 0
3655 0
3656 0
3657 0
3658 0
3659 0
3660 0
3661 1
3662 0
3663 1
3664 0
3665 1
3666 0
3667 0
3668 1
3669 1
3670 1
3671 0
3672 1
3673 0
3674 0
3675 0
3676 1
3677 1
3678 0
3679 1
3680 0
3681 1
3682 0
3683 0
3684 0
3685 1
3686 1
3687 0
3688 0
3689 0
3690 1
3691 0
3692 0
3693 0
3694 0
3695 0
3696 0
3697 1
3698 0
3699 1
3700 0
3701 1
3702 0
3703 0
3704 1
3705 0
3706 0
3707 0
3708 0
3709 0
3710 0
3711 0
3712 0
3713 0
3714 0
3715 0
3716 0
3717 0
3718 0
3719 -1
3720 -1
3721 0
3722 0
3723 -1
3724 0
3725 0
3726 0
3727 0
3728 0
3729 0
3730 0
3731 0
3732 0
3733 0
3734 0
3735 0
3736 0
3737 0
3738 0
3739 0
3740 0
3741 0
3742 0
3743 0
3744 0
3745 0
3746 0
3747 0
3748 0
3749 0
3750 0
3751 0
3752 0
3753 0
3754 0
3755 0
3756 0
3757 0
3758 0
3759 0
3760 0
3761 0
3762 0
3763 0
3764 0
3765 0
3766 0
3767 0
3768 0
3769 0
3770 0
3771 0
3772 0
3773 0
3774 0
3775 0
3776 0
3777 0
3778 0
3779 0
3780 0
3781 0
3782 0
3783 0
3784 0
3785 0
3786 0
3787 0
3788 0
3789 0
3790 0
3791 0
3792 0
3793 0
3794 0
3795 0
3796 0
3797 1
3798 0
3799 0
3800 1
3801 0
3802 1
3803 1
3804 1
3805 0
3806 1
3807 0
3808 1
3809 1
3810 1
3811 1
3812 1
3813 1
3814 0
3815 0
3816 0
3817 1
3818 0
3819 1
3820 1
3821 0
3822 1
3823 0
3824 1
3825 1
3826 0
3827 1
3828 1
3829 1
3830 0
3831 1
3832 1
3833 0
3834 1
3835 0
3836 1
3837 0
3838 1
3839 0
3840 0
3841 0
3842 0
3843 1
3844 0
3845 1
3846 0
3847 1
3848 0
3849 1
3850 0
3851 1
3852 1
3853 0
3854 1
3855 0
3856 0
3857 0
3858 0
3859 1
3860 1
3861 1
3862 0
3863 0
3864 0
3865 0
3866 0
3867 0
3868 1
3869 0
3870 0
3871 0
3872 1
3873 0
3874 0
3875 0
3876 0
3877 1
3878 -1
3879 0
3880 0
3881 0
3882 0
3883 0
3884 0
3885 0
3886 0
3887 -1
3888 0
3889 -1
3890 0
3891 0
3892 0
3893 0
3894 0
3895 0
3896 0
3897 0
3898 -1
3899 0
3900 -1
3901 0
3902 0
3903 0
3904 0
3905 -1
3906 0
3907 0
3908 0
3909 -1
3910 0
3911 -1
3912 0
3913 0
3914 0
3915 0
3916 0
3917 -1
3918 0
3919 0
3920 0
3921 0
3922 0
3923 0
3924 0
3925 0
3926 0
3927 0
3928 0
3929 0
3930 -1
3931 0
3932 0
3933 0
3934 0
3935 0
3936 -1
3937 0
3938 0
3939 0
3940 0
3941 0
3942 0
3943 0
3944 -1
3945 0
3946 0
3947 0
3948 0
3949 0
3950 0
3951 0
3952 0
3953 0
3954 0
3955 0
3956 0
3957 0
3958 0
3959 0
3960 0
3961 0
3962 0
3963 0
3964 0
3965 1
3966 0
3967 0
3968 0
3969 0
3970 0
3971 0
3972 1
3973 0
3974 0
3975 0
3976 0
3977 0
3978 0
3979 0
3980 0
3981 0
3982 0
3983 0
3984 0
3985 1
3986 0
3987 0
3988 0
3989 0
3990 0
3991 0
3992 1
3993 0
3994 0
3995 0
3996 0
3997 0
3998 0
3999 0
