0 0 -1 -17
1 14 14 830
2 54 53 446
3 102 103 105
4 152 152 -114
5 193 194 -276
6 224 224 -314
7 241 242 -327
8 248 250 -255
9 249 249 -192
10 241 241 -139
11 229 231 -39
12 221 220 31
13 209 210 24
14 201 203 80
15 199 198 78
16 195 195 40
17 193 195 64
18 197 196 43
19 197 198 -5
20 200 201 18
21 204 204 -8
22 206 206 -33
23 206 206 -18
24 205 206 -12
25 206 206 12
26 206 206 -10
27 205 206 -3
28 206 205 1
29 203 205 -5
30 205 205 21
31 205 205 -15
32 204 205 1
33 205 204 5
34 202 204 -5
35 204 204 25
36 204 204 -12
37 203 204 3
38 204 205 8
39 206 205 -2
40 204 205 -20
41 204 204 17
42 203 205 -4
43 206 205 19
44 204 205 -32
45 204 205 16
46 205 205 1
47 204 205 -8
48 204 205 6
49 205 204 -1
50 202 204 -2
51 204 204 26
52 204 204 -14
53 203 205 5
54 206 205 8
55 204 206 -27
56 207 205 17
57 203 205 -26
58 205 204 30
59 203 204 -12
60 204 204 20
61 204 205 -4
62 206 206 0
63 206 205 -16
64 202 205 -11
65 205 204 34
66 202 204 -22
67 204 204 26
68 204 205 -4
69 205 205 -2
70 204 205 -14
71 205 205 12
72 205 205 -3
73 204 205 -2
74 205 204 3
75 202 204 -1
76 204 205 23
77 206 205 -12
78 203 205 -19
79 205 205 21
80 205 205 -7
81 204 205 -3
82 205 204 6
83 202 204 -3
84 204 205 24
85 206 205 -11
86 203 205 -19
87 205 205 21
88 205 206 -7
89 206 205 -3
90 203 205 -17
91 205 204 34
92 203 204 -19
93 204 204 23
94 204 204 -4
95 203 205 -1
96 206 206 9
97 206 205 -24
98 202 205 -8
99 206 204 36
100 202 205 -25
101 189 189 -803
102 147 150 -451
103 100 101 -84
104 52 52 111
105 10 10 256
106 -20 -21 337
107 -39 -40 323
108 -47 -47 277
109 -44 -44 212
110 -34 -36 106
111 -25 -25 20
112 -13 -14 0
113 -4 -5 -63
114 1 3 -68
115 9 8 -51
116 10 9 -91
117 6 9 -41
118 8 8 4
119 6 6 -36
120 3 4 0
121 2 2 19
122 0 0 -1
123 -1 -2 17
124 -3 -4 23
125 -5 -4 21
126 -2 -3 32
127 -1 -2 -12
128 -1 0 -5
129 2 1 3
130 1 1 -36
131 0 0 3
132 0 0 8
133 0 0 10
134 0 0 -11
135 0 -1 4
136 -2 0 1
137 1 0 20
138 0 0 -35
139 0 0 18
140 0 -1 1
141 -2 -1 -9
142 0 -1 31
143 0 0 -14
144 0 0 3
145 0 0 -14
146 0 0 9
147 0 0 -1
148 0 1 -3
149 2 0 3
150 -1 0 -25
151 0 0 36
152 0 0 -17
153 0 0 -2
154 0 -1 10
155 -2 -1 -6
156 0 -1 25
157 0 -1 -10
158 -1 0 3
159 1 0 8
160 0 0 -26
161 0 0 17
162 0 1 -1
163 2 1 -6
164 0 0 -18
165 -1 -1 11
166 -1 -1 17
167 0 -1 5
168 -1 0 -6
169 1 0 8
170 0 0 -22
171 0 0 13
172 0 0 0
173 0 0 -5
174 0 -1 4
175 -2 -1 -1
176 0 -1 22
177 0 0 -11
178 1 0 4
179 0 0 -16
180 0 0 11
181 0 0 -1
182 0 0 -4
183 0 0 3
184 0 0 -1
185 0 -1 0
186 -2 0 1
187 2 0 23
188 0 0 -37
189 0 0 19
190 0 -1 1
191 -2 -1 -10
192 0 -1 31
193 0 -1 -14
194 -1 0 3
195 1 1 10
196 1 1 -27
197 0 0 -6
198 0 -1 12
199 -1 -1 11
