0 0 2 2
1 0 -4 514
2 0 -9 508
3 0 -13 503
4 1 -19 499
5 0 -24 491
6 1 -28 488
7 1 -34 482
8 1 -38 476
9 2 -43 472
10 2 -48 464
11 3 -52 459
12 3 -56 453
13 4 -61 449
14 4 -65 441
15 5 -70 437
16 5 -74 430
17 6 -79 426
18 7 -83 418
19 8 -86 412
20 9 -90 406
21 10 -94 400
22 11 -99 393
23 11 -102 386
24 13 -106 383
25 13 -110 374
26 15 -113 370
27 16 -117 362
28 17 -120 355
29 18 -124 350
30 20 -128 343
31 21 -131 334
32 22 -134 329
33 23 -138 323
34 24 -141 317
35 26 -144 311
36 27 -146 303
37 29 -150 299
38 30 -152 290
39 32 -155 285
40 33 -158 277
41 34 -161 272
42 36 -163 266
43 38 -166 259
44 39 -169 251
45 41 -171 246
46 43 -173 239
47 44 -175 232
48 46 -177 227
49 48 -179 220
50 50 -182 213
51 51 -184 205
52 53 -185 201
53 55 -187 195
54 57 -190 188
55 59 -191 180
56 60 -193 174
57 62 -195 169
58 64 -196 162
59 66 -198 156
60 68 -199 149
61 70 -200 143
62 71 -202 137
63 73 -204 133
64 75 -205 126
65 77 -205 120
66 79 -206 115
67 81 -208 109
68 83 -209 102
69 85 -210 96
70 87 -211 90
71 89 -212 84
72 91 -212 78
73 93 -213 73
74 95 -213 67
75 97 -214 62
76 99 -215 56
77 101 -215 50
78 103 -216 45
79 105 -216 39
80 108 -217 34
81 109 -216 25
82 111 -217 24
83 113 -216 18
84 116 -217 14
85 117 -217 5
86 119 -217 3
87 122 -216 -2
88 123 -217 -8
89 126 -217 -12
90 128 -217 -19
91 130 -216 -24
92 132 -215 -28
93 134 -216 -32
94 136 -215 -38
95 138 -215 -42
96 140 -214 -47
97 142 -214 -51
98 144 -213 -56
99 146 -213 -60
100 148 -212 -65
101 150 -211 -69
102 152 -210 -73
103 154 -210 -77
104 156 -208 -82
105 158 -208 -85
106 160 -207 -90
107 162 -206 -94
108 164 -205 -98
109 166 -204 -102
110 167 -203 -106
111 170 -202 -108
112 171 -200 -114
113 173 -199 -115
114 175 -199 -119
115 177 -197 -124
116 179 -196 -127
117 181 -194 -131
118 182 -193 -134
119 185 -191 -135
120 186 -190 -141
121 188 -189 -142
122 190 -187 -146
123 192 -186 -149
124 193 -184 -153
125 195 -183 -154
126 197 -181 -158
127 198 -179 -161
128 200 -178 -161
129 202 -176 -165
130 204 -175 -168
131 205 -173 -172
132 207 -171 -173
133 208 -170 -176
134 210 -168 -177
135 212 -166 -180
136 213 -164 -183
137 214 -163 -184
138 216 -160 -185
139 217 -159 -187
140 219 -157 -189
141 220 -155 -192
142 222 -153 -192
143 224 -151 -195
144 224 -149 -198
145 226 -147 -196
146 228 -145 -199
147 229 -143 -202
148 230 -141 -203
149 232 -139 -203
150 233 -137 -206
151 234 -135 -207
152 236 -133 -207
153 237 -130 -210
154 238 -129 -210
155 239 -126 -211
156 240 -124 -211
157 241 -122 -211
158 243 -120 -212
159 244 -118 -215
160 245 -115 -215
161 246 -113 -215
162 247 -111 -215
163 248 -109 -216
164 249 -106 -216
165 250 -105 -216
166 251 -103 -217
167 252 -100 -218
168 253 -98 -217
169 254 -96 -218
170 255 -94 -218
171 256 -92 -219
172 256 -89 -219
173 257 -87 -216
174 258 -85 -217
175 259 -83 -217
176 260 -81 -218
177 261 -78 -218
178 261 -76 -218
179 262 -74 -216
180 263 -72 -216
181 263 -70 -217
182 264 -68 -215
183 265 -66 -215
184 265 -63 -216
185 265 -61 -213
186 266 -59 -211
187 267 -57 -211
188 267 -55 -212
189 268 -53 -210
190 268 -51 -210
191 269 -49 -208
192 269 -46 -209
193 270 -44 -206
194 270 -42 -206
195 271 -40 -204
196 271 -38 -205
197 272 -36 -203
198 272 -34 -203
199 272 -32 -201
200 272 -30 -199
201 272 -28 -197
202 272 -26 -195
203 273 -24 -193
204 273 -22 -194
205 273 -20 -192
206 274 -19 -190
207 274 -17 -191
208 275 -15 -189
209 274 -13 -190
210 275 -11 -185
211 274 -9 -186
212 274 -7 -181
213 274 -5 -179
214 275 -3 -177
215 275 -1 -178
216 274 0 -176
217 274 2 -172
218 274 4 -170
219 275 5 -168
220 274 7 -170
221 274 9 -165
222 274 10 -163
223 274 12 -162
224 275 14 -160
225 274 15 -161
226 274 17 -157
227 274 19 -155
228 273 20 -153
229 273 22 -150
230 273 23 -148
231 272 24 -147
232 272 26 -143
233 272 27 -141
234 272 28 -140
235 272 30 -139
236 272 31 -137
237 271 33 -136
238 271 34 -132
239 270 36 -131
240 271 37 -126
241 270 38 -128
242 270 40 -124
243 269 41 -122
244 269 42 -119
245 268 43 -118
246 268 44 -114
247 268 45 -113
248 267 47 -112
249 267 48 -108
250 266 48 -107
251 266 50 -104
252 265 51 -102
253 265 52 -99
254 264 52 -98
255 264 53 -95
256 264 54 -94
257 263 55 -93
258 262 56 -90
259 262 57 -86
260 261 58 -85
261 261 59 -82
262 260 60 -81
263 260 60 -77
264 259 61 -77
265 259 62 -74
266 258 63 -73
267 257 64 -69
268 257 64 -66
269 256 65 -66
270 256 65 -62
271 255 66 -62
272 255 67 -59
273 254 67 -58
274 253 68 -55
275 252 68 -52
276 251 69 -49
277 252 69 -46
278 250 69 -48
279 250 70 -43
280 249 71 -42
281 249 71 -39
282 248 71 -39
283 247 72 -36
284 246 72 -33
285 246 72 -30
286 245 72 -30
287 244 73 -28
288 244 73 -24
289 243 74 -24
290 242 74 -21
291 241 74 -18
292 241 74 -16
293 240 75 -16
294 240 74 -12
295 238 74 -13
296 238 75 -8
297 237 75 -7
298 237 75 -5
299 236 75 -5
300 235 75 -2
301 235 75 0
302 234 75 0
303 233 75 2
304 232 75 5
305 232 75 7
306 231 75 7
307 231 75 10
308 230 75 10
309 229 74 12
310 229 75 14
311 228 74 15
312 227 74 16
313 226 74 19
314 226 74 21
315 225 74 21
316 225 73 24
317 224 73 23
318 223 73 25
319 222 72 28
320 222 72 29
321 221 73 29
322 220 72 33
323 219 72 34
324 219 71 37
325 219 71 36
326 218 70 36
327 217 70 37
328 217 69 40
329 216 70 39
330 215 69 42
331 215 69 44
332 214 68 44
333 213 68 45
334 212 67 48
335 212 67 49
336 211 66 49
337 211 66 51
338 210 65 51
339 210 64 52
340 209 64 51
341 208 64 54
342 208 63 56
343 207 63 55
344 207 62 58
345 206 62 57
346 205 61 59
347 205 60 61
348 204 60 60
349 204 59 62
350 203 58 61
351 203 58 63
352 202 57 63
353 202 56 64
354 201 56 63
355 200 56 66
356 200 54 68
357 200 54 66
358 199 53 66
359 199 52 68
360 198 52 67
361 198 51 69
362 197 50 68
363 197 50 70
364 196 49 70
365 196 49 71
366 195 48 71
367 195 47 73
368 195 46 72
369 194 46 71
370 194 45 73
371 193 44 72
372 193 44 74
373 192 43 74
374 192 42 75
375 191 41 74
376 192 40 76
377 191 40 72
378 191 39 75
379 190 39 74
380 190 38 76
381 190 37 75
382 189 36 74
383 189 36 76
384 189 35 76
385 188 34 75
386 188 34 76
387 188 33 76
388 188 32 75
389 188 31 74
390 187 31 73
391 187 30 76
392 186 29 75
393 187 28 76
394 186 28 73
395 186 27 75
396 185 26 74
397 185 25 76
398 185 25 75
399 185 24 75
400 185 24 74
401 184 23 74
402 185 22 75
403 184 21 72
404 184 20 73
405 184 20 72
406 184 19 72
407 183 18 71
408 183 18 73
409 183 17 73
410 183 16 72
411 183 16 71
412 182 15 71
413 183 14 72
414 182 13 69
415 183 13 70
416 182 12 68
417 183 11 69
418 182 11 66
419 182 10 68
420 182 10 67
421 182 9 67
422 182 9 66
423 182 8 66
424 182 7 65
425 182 6 64
426 182 6 63
427 182 5 63
428 182 5 62
429 182 4 62
430 181 3 61
431 181 3 63
432 181 3 63
433 181 1 63
434 181 1 61
435 182 0 61
436 182 0 57
437 181 -1 57
438 182 -1 59
439 182 -2 56
440 181 -3 55
441 182 -3 57
442 182 -4 54
443 182 -4 53
444 182 -5 53
445 182 -5 52
446 182 -6 52
447 182 -6 51
448 182 -7 51
449 182 -8 50
450 182 -8 49
451 183 -8 49
452 183 -9 47
453 183 -9 46
454 183 -9 46
455 183 -10 46
456 183 -10 45
457 183 -11 45
458 183 -11 44
459 183 -12 44
460 183 -12 43
461 184 -12 43
462 184 -13 40
463 184 -13 39
464 184 -14 39
465 183 -14 38
466 184 -15 41
467 184 -15 37
468 184 -15 37
469 184 -16 37
470 184 -16 36
471 185 -17 36
472 184 -17 33
473 184 -17 35
474 185 -18 35
475 185 -18 32
476 185 -18 32
477 185 -18 32
478 186 -19 32
479 186 -19 28
480 186 -19 28
481 186 -19 28
482 186 -20 28
483 187 -20 27
484 187 -20 25
485 187 -20 25
486 187 -21 25
487 187 -21 24
488 188 -21 24
489 188 -21 21
490 188 -21 21
491 189 -22 21
492 188 -22 18
493 189 -22 20
494 189 -22 18
495 189 -22 18
496 190 -22 18
497 190 -23 15
498 190 -22 14
499 190 -23 15
500 190 -23 14
501 191 -23 14
502 191 -24 12
503 191 -24 11
504 191 -24 11
505 191 -24 11
506 192 -24 11
507 192 -24 8
508 192 -24 8
509 192 -24 8
510 193 -24 8
511 192 -24 6
512 193 -24 8
513 194 -24 6
514 193 -24 3
515 194 -24 6
516 194 -24 3
517 194 -24 3
518 195 -24 3
519 195 -24 1
520 195 -24 1
521 195 -24 1
522 195 -24 1
523 196 -24 1
524 196 -24 -1
525 196 -24 -1
526 196 -24 -1
527 197 -24 -1
528 197 -24 -4
529 197 -24 -4
530 197 -24 -4
531 197 -24 -4
532 198 -24 -4
533 198 -24 -6
534 198 -23 -6
535 199 -24 -5
536 199 -24 -9
537 199 -23 -9
538 199 -23 -8
539 199 -23 -8
540 200 -23 -8
541 200 -23 -10
542 200 -23 -10
543 200 -23 -10
544 201 -22 -10
545 201 -22 -12
546 201 -22 -12
547 201 -22 -12
548 202 -22 -12
549 202 -22 -14
550 202 -22 -14
551 202 -21 -14
552 202 -21 -13
553 203 -21 -13
554 203 -21 -16
555 204 -21 -16
556 203 -21 -18
557 203 -20 -16
558 204 -20 -15
559 204 -20 -17
560 204 -20 -17
561 204 -20 -17
562 205 -19 -17
563 205 -19 -19
564 205 -19 -19
565 205 -19 -19
566 205 -18 -19
567 206 -18 -18
568 206 -18 -20
569 206 -18 -20
570 206 -18 -20
571 206 -17 -20
572 207 -17 -19
573 207 -17 -22
574 207 -17 -22
575 207 -17 -22
576 207 -16 -22
577 207 -16 -21
578 208 -15 -21
579 207 -15 -22
580 208 -15 -20
581 208 -15 -22
582 208 -15 -22
583 208 -15 -22
584 208 -15 -22
585 209 -14 -22
586 208 -14 -24
587 209 -14 -21
588 209 -13 -24
589 209 -13 -23
590 209 -12 -23
591 209 -13 -22
592 210 -13 -23
593 209 -12 -25
594 209 -12 -22
595 209 -12 -22
596 210 -12 -22
597 210 -11 -24
598 210 -11 -23
599 211 -10 -23
600 210 -10 -25
601 210 -10 -22
602 211 -10 -22
603 211 -9 -25
604 211 -10 -24
605 211 -9 -25
606 211 -9 -24
607 211 -9 -24
608 211 -8 -24
609 211 -8 -23
610 211 -8 -23
611 211 -8 -23
612 212 -7 -23
613 211 -7 -24
614 212 -7 -22
615 212 -7 -24
616 212 -6 -24
617 212 -6 -23
618 212 -6 -23
619 213 -6 -23
620 212 -6 -26
621 212 -5 -23
622 212 -5 -22
623 212 -4 -22
624 212 -4 -21
625 212 -4 -21
626 212 -4 -21
627 213 -4 -21
628 212 -3 -24
629 212 -3 -20
630 212 -3 -20
631 212 -2 -20
632 212 -3 -19
633 212 -3 -20
634 212 -2 -20
635 212 -2 -19
636 213 -2 -19
637 212 -2 -22
638 212 -2 -19
639 212 -1 -19
640 212 -1 -18
641 213 -1 -18
642 212 0 -21
643 213 0 -17
644 212 0 -20
645 212 0 -17
646 213 0 -17
647 212 1 -20
648 213 1 -16
649 213 1 -19
650 212 2 -19
651 212 2 -15
652 212 1 -15
653 213 2 -16
654 212 2 -18
655 212 2 -15
656 213 2 -15
657 212 2 -18
658 212 3 -15
659 212 3 -14
660 213 3 -14
661 212 4 -17
662 212 3 -13
663 213 4 -14
664 212 4 -16
665 213 4 -13
666 212 4 -16
667 212 4 -13
668 213 4 -13
669 212 4 -16
670 212 4 -13
671 212 4 -13
672 212 5 -13
673 212 5 -12
674 212 5 -12
675 212 5 -12
676 212 6 -12
677 212 5 -11
678 212 5 -12
679 212 6 -12
680 212 6 -11
681 212 6 -11
682 212 6 -11
683 212 7 -11
684 211 7 -10
685 212 7 -8
686 211 7 -10
687 212 7 -8
688 211 7 -10
689 211 7 -8
690 211 7 -8
691 211 7 -8
692 211 7 -8
693 211 7 -8
694 211 7 -8
695 211 8 -8
696 211 8 -7
697 211 7 -7
698 211 8 -8
699 211 8 -7
700 211 8 -7
701 210 8 -7
702 211 8 -4
703 210 8 -7
704 210 8 -4
705 210 8 -4
706 210 8 -4
707 210 8 -4
708 210 9 -4
709 210 9 -3
710 210 8 -3
711 210 8 -4
712 210 8 -4
713 210 9 -4
714 211 9 -3
715 210 9 -6
716 210 9 -3
717 210 10 -3
718 210 9 -2
719 210 9 -3
720 209 9 -3
721 210 9 -1
722 210 9 -3
723 209 10 -3
724 210 9 0
725 209 9 -3
726 209 10 -1
727 209 10 0
728 209 10 0
729 209 10 0
730 209 10 0
731 209 9 0
732 209 10 -1
733 208 10 0
734 209 10 2
735 208 10 0
736 209 10 2
737 208 10 0
738 208 10 2
739 208 10 2
740 208 10 2
741 208 9 2
742 208 10 1
743 208 10 2
744 208 10 2
745 208 10 2
746 208 10 2
747 207 10 2
748 207 10 5
749 207 10 5
750 207 9 5
751 207 9 4
752 207 10 4
753 207 10 5
754 207 9 5
755 207 9 4
756 207 9 4
757 207 9 4
758 207 9 4
759 207 9 4
760 207 10 4
761 206 9 5
762 206 9 6
763 206 9 6
764 206 9 6
765 206 9 6
766 206 9 6
767 206 9 6
768 206 9 6
769 206 9 6
770 206 9 6
771 206 9 6
772 206 8 6
773 206 9 5
774 206 9 6
775 206 9 6
776 205 9 6
777 206 8 9
778 205 8 5
779 205 8 8
780 206 8 8
781 205 8 5
782 205 9 8
783 205 8 9
784 205 8 8
785 205 8 8
786 205 8 8
787 205 8 8
788 205 8 8
789 204 8 8
790 205 7 10
791 205 7 7
792 204 8 7
793 204 7 10
794 205 7 9
795 204 7 7
796 204 7 9
797 204 7 9
798 203 6 9
799 204 7 11
800 203 7 9
801 204 6 12
802 204 6 8
803 204 6 8
804 204 6 8
805 203 6 8
806 203 6 11
807 203 6 11
808 203 6 11
809 204 6 11
810 203 6 8
811 204 6 11
812 203 6 8
813 203 6 11
814 203 5 11
815 203 5 10
816 203 5 10
817 203 5 10
818 203 5 10
819 203 4 10
820 203 5 9
821 203 5 10
822 203 4 10
823 203 5 9
824 203 4 10
825 203 4 9
826 203 4 9
827 202 4 9
828 203 4 11
829 203 4 9
830 202 4 9
831 203 4 11
832 202 4 9
833 203 4 11
834 202 4 9
835 202 3 11
836 202 4 10
837 203 3 11
838 203 3 8
839 202 3 8
840 203 3 10
841 203 3 8
842 202 3 8
843 203 3 10
844 202 3 8
845 202 3 10
846 202 3 10
847 202 2 10
848 202 3 9
849 202 3 10
850 202 2 10
851 202 2 9
852 202 2 9
853 202 2 9
854 202 2 9
855 202 3 9
856 202 2 10
857 202 2 9
858 202 2 9
859 202 1 9
860 202 2 8
861 202 1 9
862 202 1 8
863 202 1 8
864 202 1 8
865 202 1 8
866 202 1 8
867 202 1 8
868 202 0 8
869 202 1 7
870 202 1 8
871 202 1 8
872 202 1 8
873 202 0 8
874 202 0 7
875 201 0 7
876 202 0 10
877 202 0 7
878 202 0 7
879 203 0 7
880 202 1 5
881 203 0 8
882 203 1 5
883 203 0 6
884 203 1 5
885 202 0 6
886 203 0 7
887 203 0 5
888 203 0 5
889 203 0 5
890 202 0 5
891 203 0 7
892 203 0 5
893 203 0 5
894 203 0 5
895 203 0 5
896 203 0 5
897 203 0 5
898 203 0 5
899 203 0 5
900 203 0 5
901 203 0 5
902 203 -1 5
903 203 0 4
904 203 -1 5
905 203 -1 4
906 203 -1 4
907 203 0 4
908 203 0 5
909 203 -1 5
910 203 -1 4
911 203 0 4
912 203 -1 5
913 203 -2 4
914 203 -1 3
915 203 -1 4
916 203 -1 4
917 204 -1 4
918 203 -1 1
919 203 -1 4
920 203 -1 4
921 203 -1 4
922 203 -1 4
923 203 -1 4
924 203 -1 4
925 204 -1 4
926 203 -1 1
927 203 -1 4
928 203 -1 4
929 203 -1 4
930 203 -1 4
931 203 -1 4
932 204 -1 4
933 203 -1 1
934 204 -1 4
935 203 -1 1
936 204 -1 4
937 204 -1 1
938 203 -1 1
939 204 -1 4
940 204 -1 1
941 204 -2 1
942 204 -1 0
943 204 -1 1
944 204 -1 1
945 204 -1 1
946 204 -2 1
947 204 -1 0
948 204 -1 1
949 204 -1 1
950 204 -1 1
951 204 -2 1
952 204 -1 0
953 204 -1 1
954 204 -1 1
955 204 -1 1
956 204 -1 1
957 204 -1 1
958 204 -1 1
959 204 -1 1
960 204 -2 1
961 204 -1 0
962 204 -2 1
963 204 -2 0
964 203 -1 0
965 204 -2 4
966 204 -2 0
967 204 -2 0
968 204 -2 0
969 204 -2 0
970 204 -2 0
971 204 -2 0
972 204 -1 0
973 204 -1 1
974 204 -2 1
975 204 -1 0
976 204 -2 1
977 204 -1 0
978 204 -1 1
979 204 -2 1
980 204 -1 0
981 204 -1 1
982 204 -2 1
983 204 -2 0
984 205 -2 0
985 204 -2 -2
986 205 -1 0
987 204 -2 -1
988 204 -2 0
989 205 -2 0
990 204 -1 -2
991 205 -1 1
992 204 -1 -1
993 204 -1 1
994 205 -1 1
995 205 -1 -1
996 205 -1 -1
997 204 -1 -1
998 205 -1 1
999 205 -2 -1
1000 204 -1 -2
1001 205 -1 1
1002 204 -1 -1
1003 205 -1 1
1004 205 -1 -1
1005 205 -1 -1
1006 205 -1 -1
1007 204 0 -1
1008 205 -1 2
1009 204 -1 -1
1010 205 -1 1
1011 205 -1 -1
1012 205 -1 -1
1013 205 -1 -1
1014 205 -1 -1
1015 205 -1 -1
1016 205 -1 -1
1017 205 -1 -1
1018 205 -1 -1
1019 205 -1 -1
1020 205 -1 -1
1021 205 -1 -1
1022 205 -1 -1
1023 205 -1 -1
1024 205 -1 -1
1025 205 -1 -1
1026 205 -1 -1
1027 205 -1 -1
1028 205 -1 -1
1029 205 -1 -1
1030 205 -1 -1
1031 205 -1 -1
1032 206 -1 -1
1033 205 -1 -3
1034 205 0 -1
1035 205 0 0
1036 206 -1 0
1037 205 -1 -3
1038 205 0 -1
1039 205 0 0
1040 206 0 0
1041 205 0 -2
1042 206 0 0
1043 206 0 -2
1044 206 0 -2
1045 206 0 -2
1046 206 0 -2
1047 206 0 -2
1048 206 0 -2
1049 206 0 -2
1050 206 0 -2
1051 206 0 -2
1052 206 0 -2
1053 206 0 -2
1054 206 1 -2
1055 206 1 -1
1056 206 0 -1
1057 206 0 -2
1058 206 1 -2
1059 206 1 -1
1060 206 1 -1
1061 206 1 -1
1062 206 1 -1
1063 206 1 -1
1064 205 1 -1
1065 206 1 1
1066 206 1 -1
1067 206 1 -1
1068 206 1 -1
1069 206 1 -1
1070 206 1 -1
1071 206 1 -1
1072 206 1 -1
1073 206 1 -1
1074 206 1 -1
1075 206 1 -1
1076 205 1 -1
1077 206 1 1
1078 206 1 -1
1079 206 1 -1
1080 206 1 -1
1081 206 1 -1
1082 206 1 -1
1083 206 2 -1
1084 206 2 0
1085 206 1 0
1086 206 1 -1
1087 206 2 -1
1088 206 2 0
1089 206 2 0
1090 206 2 0
1091 206 2 0
1092 206 2 0
1093 206 2 0
1094 206 2 0
1095 206 2 0
1096 206 2 0
1097 206 2 0
1098 206 2 0
1099 206 2 0
1100 205 2 0
1101 206 2 2
1102 206 2 0
1103 206 2 0
1104 206 2 0
1105 206 2 0
1106 206 2 0
1107 206 2 0
1108 206 2 0
1109 206 2 0
1110 206 2 0
1111 206 2 0
1112 206 2 0
1113 206 2 0
1114 206 3 0
1115 206 2 0
1116 206 2 0
1117 206 2 0
1118 206 2 0
1119 206 2 0
1120 206 2 0
1121 205 3 0
1122 206 2 3
1123 206 2 0
1124 206 2 0
1125 205 2 0
1126 205 2 2
1127 205 2 2
1128 205 2 2
1129 206 2 2
1130 205 2 0
1131 205 2 2
1132 205 2 2
1133 205 2 2
1134 205 2 2
1135 205 2 2
1136 206 2 2
1137 205 2 0
1138 205 2 2
1139 205 2 2
1140 205 2 2
1141 205 2 2
1142 205 2 2
1143 205 2 2
1144 205 2 2
1145 205 2 2
1146 205 2 2
1147 205 2 2
1148 206 2 2
1149 205 2 0
1150 205 2 2
1151 205 2 2
1152 205 2 2
1153 205 2 2
1154 205 2 2
1155 205 2 2
1156 205 2 2
1157 205 2 2
1158 205 1 2
1159 205 2 1
1160 205 2 2
1161 205 2 2
1162 205 2 2
1163 205 2 2
1164 205 2 2
1165 205 2 2
1166 205 2 2
1167 205 2 2
1168 205 2 2
1169 205 2 2
1170 205 2 2
1171 205 1 2
1172 205 1 1
1173 204 2 1
1174 205 2 4
1175 205 2 2
1176 205 2 2
1177 205 2 2
1178 205 1 2
1179 205 2 1
1180 205 2 2
1181 205 2 2
1182 205 2 2
1183 205 2 2
1184 205 2 2
1185 205 1 2
1186 205 2 1
1187 205 2 2
1188 205 2 2
1189 205 2 2
1190 205 1 2
1191 205 2 1
1192 205 2 2
1193 205 2 2
1194 205 1 2
1195 205 1 1
1196 205 2 1
1197 205 2 2
1198 205 1 2
1199 205 1 1
1200 205 2 1
1201 205 2 2
1202 205 2 2
1203 205 2 2
1204 205 1 2
1205 205 1 1
1206 205 1 1
1207 205 2 1
1208 206 2 2
1209 205 2 0
1210 205 2 2
1211 205 1 2
1212 205 2 1
1213 205 2 2
1214 205 2 2
1215 205 2 2
1216 205 2 2
1217 205 1 2
1218 205 2 1
1219 205 2 2
1220 205 2 2
1221 205 2 2
1222 205 2 2
1223 205 2 2
1224 205 1 2
1225 205 2 1
1226 206 2 2
1227 205 2 0
1228 205 2 2
1229 205 2 2
1230 205 2 2
1231 205 2 2
1232 205 2 2
1233 205 2 2
1234 205 2 2
1235 205 2 2
1236 205 2 2
1237 205 2 2
1238 205 2 2
1239 205 2 2
1240 205 2 2
1241 205 2 2
1242 206 2 2
1243 205 2 0
1244 205 2 2
1245 206 2 2
1246 205 2 0
1247 205 1 2
1248 205 2 1
1249 205 2 2
1250 205 2 2
1251 205 2 2
1252 205 2 2
1253 205 2 2
1254 205 1 2
1255 205 2 1
1256 205 2 2
1257 205 1 2
1258 205 2 1
1259 205 2 2
1260 205 2 2
1261 205 2 2
1262 205 1 2
1263 205 1 1
1264 205 2 1
1265 205 2 2
1266 205 2 2
1267 205 1 2
1268 205 2 1
1269 205 2 2
1270 205 2 2
1271 205 2 2
1272 205 1 2
1273 205 2 1
1274 205 2 2
1275 205 1 2
1276 205 1 1
1277 205 2 1
1278 205 1 2
1279 205 2 1
1280 205 2 2
1281 205 1 2
1282 205 2 1
1283 205 2 2
1284 205 2 2
1285 205 1 2
1286 205 2 1
1287 205 2 2
1288 205 2 2
1289 205 1 2
1290 205 1 1
1291 204 1 1
1292 205 1 3
1293 205 1 1
1294 205 1 1
1295 205 1 1
1296 204 1 1
1297 205 1 3
1298 204 1 1
1299 205 1 3
1300 204 1 1
1301 205 1 3
1302 204 1 1
1303 205 1 3
1304 204 1 1
1305 205 1 3
1306 205 1 1
1307 204 2 1
1308 205 1 4
1309 204 1 1
1310 205 1 3
1311 205 1 1
1312 205 1 1
1313 205 1 1
1314 204 1 1
1315 205 1 3
1316 204 1 1
1317 204 1 3
1318 205 1 3
1319 205 1 1
1320 204 1 1
1321 204 1 3
1322 205 1 3
1323 205 1 1
1324 204 1 1
1325 205 1 3
1326 205 1 1
1327 205 1 1
1328 205 1 1
1329 205 1 1
1330 205 1 1
1331 204 1 1
1332 205 1 3
1333 204 1 1
1334 205 1 3
1335 204 1 1
1336 205 1 3
1337 205 1 1
1338 204 1 1
1339 205 1 3
1340 204 1 1
1341 205 1 3
1342 204 1 1
1343 205 1 3
1344 204 1 1
1345 204 1 3
1346 205 1 3
1347 204 0 1
1348 205 0 2
1349 204 1 0
1350 205 1 3
1351 205 1 1
1352 205 1 1
1353 205 1 1
1354 205 1 1
1355 204 1 1
1356 205 0 3
1357 205 0 0
1358 204 1 0
1359 205 1 3
1360 205 1 1
1361 204 1 1
1362 205 1 3
1363 204 1 1
1364 204 0 3
1365 205 1 2
1366 205 1 1
1367 205 1 1
1368 204 1 1
1369 205 1 3
1370 205 1 1
1371 205 1 1
1372 205 1 1
1373 205 1 1
1374 205 2 1
1375 205 1 2
1376 205 1 1
1377 205 1 1
1378 205 1 1
1379 206 0 1
1380 205 1 -2
1381 205 1 1
1382 204 1 1
1383 206 1 3
1384 205 1 -1
1385 206 1 1
1386 205 1 -1
1387 205 1 1
1388 205 1 1
1389 205 1 1
1390 205 1 1
1391 205 1 1
1392 206 1 1
1393 205 1 -1
1394 206 1 1
1395 206 1 -1
1396 205 1 -1
1397 206 1 1
1398 205 1 -1
1399 205 1 1
1400 206 1 1
1401 205 2 -1
1402 206 1 2
1403 205 1 -1
1404 206 1 1
1405 205 2 -1
1406 205 2 2
1407 205 1 2
1408 205 1 1
1409 206 1 1
1410 206 1 -1
1411 205 1 -1
1412 205 1 1
1413 205 1 1
1414 206 1 1
1415 205 2 -1
1416 205 1 2
1417 205 1 1
1418 205 1 1
1419 206 1 1
1420 205 1 -1
1421 206 2 1
1422 205 2 0
1423 205 2 2
1424 205 2 2
1425 205 2 2
1426 205 2 2
1427 205 1 2
1428 205 1 1
1429 205 2 1
1430 205 1 2
1431 205 2 1
1432 205 2 2
1433 206 1 2
1434 205 1 -1
1435 205 1 1
1436 205 2 1
1437 205 2 2
1438 206 1 2
1439 205 1 -1
1440 205 2 1
1441 205 1 2
1442 206 2 1
1443 205 2 0
1444 206 2 2
1445 205 1 0
1446 205 1 1
1447 205 1 1
1448 205 1 1
1449 205 1 1
1450 205 1 1
1451 205 2 1
1452 206 2 2
1453 205 2 0
1454 205 1 2
1455 205 1 1
1456 205 1 1
1457 205 1 1
1458 205 1 1
1459 205 2 1
1460 205 1 2
1461 205 1 1
1462 205 1 1
1463 205 1 1
1464 205 1 1
1465 205 1 1
1466 205 2 1
1467 205 1 2
1468 205 1 1
1469 205 1 1
1470 205 1 1
1471 204 1 1
1472 205 1 3
1473 205 1 1
1474 205 1 1
1475 205 1 1
1476 205 1 1
1477 205 1 1
1478 205 1 1
1479 205 1 1
1480 205 1 1
1481 204 1 1
1482 205 1 3
1483 205 1 1
1484 205 1 1
1485 205 1 1
1486 205 1 1
1487 205 1 1
1488 205 1 1
1489 205 1 1
1490 204 1 1
1491 205 1 3
1492 205 1 1
1493 205 1 1
1494 205 1 1
1495 204 1 1
1496 205 1 3
1497 205 1 1
1498 205 1 1
1499 204 1 1
1500 205 1 3
1501 205 1 1
1502 205 1 1
1503 205 1 1
1504 205 1 1
1505 205 1 1
1506 205 1 1
1507 205 1 1
1508 205 1 1
1509 204 1 1
1510 205 1 3
1511 205 1 1
1512 205 1 1
1513 204 1 1
1514 205 1 3
1515 204 1 1
1516 204 1 3
1517 205 1 3
1518 205 1 1
1519 205 1 1
1520 205 1 1
1521 204 1 1
1522 205 1 3
1523 205 2 1
1524 205 1 2
1525 205 1 1
1526 204 1 1
1527 204 1 3
1528 205 1 3
1529 205 1 1
1530 204 1 1
1531 205 1 3
1532 205 1 1
1533 205 1 1
1534 205 1 1
1535 205 1 1
1536 205 1 1
1537 205 1 1
1538 205 1 1
1539 205 1 1
1540 205 1 1
1541 205 1 1
1542 205 1 1
1543 205 1 1
1544 204 1 1
1545 205 1 3
1546 205 1 1
1547 205 1 1
1548 204 1 1
1549 205 1 3
1550 205 1 1
1551 204 1 1
1552 205 1 3
1553 205 1 1
1554 205 1 1
1555 205 1 1
1556 205 1 1
1557 205 1 1
1558 204 1 1
1559 205 1 3
1560 205 1 1
1561 205 1 1
1562 205 1 1
1563 205 1 1
1564 205 1 1
1565 204 1 1
1566 205 1 3
1567 205 1 1
1568 205 1 1
1569 205 1 1
1570 205 1 1
1571 205 1 1
1572 205 1 1
1573 205 1 1
1574 204 1 1
1575 205 1 3
1576 206 1 1
1577 205 0 -1
1578 205 1 0
1579 204 1 1
1580 205 1 3
1581 205 1 1
1582 205 1 1
1583 205 1 1
1584 204 1 1
1585 205 1 3
1586 205 1 1
1587 205 1 1
1588 205 0 1
1589 205 1 0
1590 205 1 1
1591 204 1 1
1592 204 1 3
1593 205 1 3
1594 204 1 1
1595 204 0 3
1596 205 1 2
1597 205 1 1
1598 205 1 1
1599 205 1 1
1600 205 1 1
1601 205 1 1
1602 205 1 1
1603 205 0 1
1604 205 1 0
1605 205 1 1
1606 205 1 1
1607 205 1 1
1608 205 1 1
1609 205 1 1
1610 205 1 1
1611 205 1 1
1612 205 1 1
1613 205 1 1
1614 205 1 1
1615 205 1 1
1616 205 1 1
1617 205 1 1
1618 205 1 1
1619 205 0 1
1620 205 1 0
1621 205 1 1
1622 205 1 1
1623 205 1 1
1624 205 1 1
1625 205 1 1
1626 205 1 1
1627 205 1 1
1628 205 0 1
1629 205 1 0
1630 205 1 1
1631 205 1 1
1632 205 1 1
1633 205 1 1
1634 205 1 1
1635 204 1 1
1636 205 1 3
1637 205 1 1
1638 205 0 1
1639 205 1 0
1640 205 1 1
1641 205 1 1
1642 205 1 1
1643 205 0 1
1644 205 1 0
1645 205 1 1
1646 205 1 1
1647 205 1 1
1648 205 1 1
1649 205 1 1
1650 205 1 1
1651 206 0 1
1652 205 1 -2
1653 205 1 1
1654 205 1 1
1655 205 1 1
1656 205 1 1
1657 205 1 1
1658 205 1 1
1659 205 1 1
1660 205 1 1
1661 205 1 1
1662 205 1 1
1663 205 1 1
1664 205 1 1
1665 205 0 1
1666 205 1 0
1667 206 1 1
1668 205 1 -1
1669 205 0 1
1670 205 1 0
1671 205 1 1
1672 205 1 1
1673 205 1 1
1674 205 1 1
1675 205 1 1
1676 205 1 1
1677 205 1 1
1678 205 1 1
1679 205 1 1
1680 205 1 1
1681 205 1 1
1682 205 1 1
1683 205 1 1
1684 205 1 1
1685 205 0 1
1686 205 1 0
1687 205 1 1
1688 205 1 1
1689 205 1 1
1690 205 1 1
1691 205 1 1
1692 205 1 1
1693 205 1 1
1694 205 1 1
1695 205 1 1
1696 205 1 1
1697 206 1 1
1698 205 1 -1
1699 205 1 1
1700 205 1 1
1701 205 1 1
1702 205 1 1
1703 205 1 1
1704 205 1 1
1705 205 1 1
1706 205 1 1
1707 205 1 1
1708 205 1 1
1709 206 1 1
1710 205 0 -1
1711 206 1 0
1712 206 1 -1
1713 205 1 -1
1714 206 1 1
1715 205 1 -1
1716 205 1 1
1717 205 1 1
1718 206 2 1
1719 206 2 0
1720 205 1 0
1721 206 2 1
1722 206 1 0
1723 206 2 -1
1724 205 1 0
1725 206 2 1
1726 206 2 0
1727 206 2 0
1728 206 2 0
1729 206 2 0
1730 206 1 0
1731 206 2 -1
1732 206 2 0
1733 206 2 0
1734 205 2 0
1735 206 1 2
1736 206 2 -1
1737 206 2 0
1738 206 2 0
1739 205 2 0
1740 206 1 2
1741 205 2 -1
1742 206 2 2
1743 205 2 0
1744 206 2 2
1745 205 2 0
1746 206 2 2
1747 206 2 0
1748 205 2 0
1749 206 2 2
1750 205 2 0
1751 205 2 2
1752 206 2 2
1753 205 2 0
1754 206 2 2
1755 205 2 0
1756 205 2 2
1757 205 2 2
1758 205 2 2
1759 206 2 2
1760 205 2 0
1761 206 2 2
1762 205 2 0
1763 205 2 2
1764 205 2 2
1765 205 2 2
1766 205 2 2
1767 205 2 2
1768 206 2 2
1769 205 2 0
1770 206 2 2
1771 205 2 0
1772 206 2 2
1773 206 2 0
1774 205 2 0
1775 206 2 2
1776 205 2 0
1777 205 2 2
1778 205 2 2
1779 205 2 2
1780 205 2 2
1781 205 2 2
1782 206 2 2
1783 205 2 0
1784 206 2 2
1785 206 2 0
1786 205 2 0
1787 205 2 2
1788 205 2 2
1789 205 2 2
1790 205 2 2
1791 205 2 2
1792 205 2 2
1793 205 2 2
1794 205 2 2
1795 205 1 2
1796 205 2 1
1797 204 2 2
1798 205 2 4
1799 205 2 2
1800 205 2 2
1801 205 2 2
1802 204 2 2
1803 205 1 4
1804 205 2 1
1805 205 2 2
1806 205 2 2
1807 205 1 2
1808 205 2 1
1809 205 1 2
1810 205 1 1
1811 205 2 1
1812 205 1 2
1813 205 1 1
1814 204 1 1
1815 205 2 3
1816 205 2 2
1817 205 1 2
1818 205 1 1
1819 205 1 1
1820 205 2 1
1821 205 1 2
1822 205 1 1
1823 205 2 1
1824 205 2 2
1825 204 1 2
1826 205 1 3
1827 205 2 1
1828 205 1 2
1829 205 1 1
1830 205 1 1
1831 205 1 1
1832 205 1 1
1833 205 2 1
1834 205 1 2
1835 205 1 1
1836 205 1 1
1837 204 1 1
1838 205 1 3
1839 205 1 1
1840 205 1 1
1841 205 1 1
1842 204 1 1
1843 205 1 3
1844 204 1 1
1845 205 1 3
1846 204 1 1
1847 205 1 3
1848 204 1 1
1849 204 1 3
1850 205 1 3
1851 204 1 1
1852 205 1 3
1853 204 1 1
1854 205 1 3
1855 204 2 1
1856 204 1 4
1857 205 1 3
1858 205 1 1
1859 205 1 1
1860 205 1 1
1861 205 1 1
1862 205 1 1
1863 204 1 1
1864 205 1 3
1865 204 1 1
1866 205 1 3
1867 205 1 1
1868 204 1 1
1869 205 1 3
1870 204 1 1
1871 205 1 3
1872 205 1 1
1873 205 1 1
1874 204 1 1
1875 205 1 3
1876 205 2 1
1877 205 1 2
1878 205 1 1
1879 205 1 1
1880 205 1 1
1881 205 2 1
1882 205 1 2
1883 205 1 1
1884 205 1 1
1885 205 1 1
1886 205 2 1
1887 205 1 2
1888 205 2 1
1889 205 1 2
1890 206 1 1
1891 205 1 -1
1892 205 2 1
1893 205 1 2
1894 205 1 1
1895 205 1 1
1896 205 2 1
1897 205 1 2
1898 205 2 1
1899 205 1 2
1900 205 2 1
1901 205 1 2
1902 205 2 1
1903 205 1 2
1904 205 1 1
1905 205 1 1
1906 205 1 1
1907 205 1 1
1908 205 1 1
1909 205 1 1
1910 205 1 1
1911 206 2 1
1912 205 1 0
1913 206 2 1
1914 205 2 0
1915 205 1 2
1916 205 2 1
1917 205 1 2
1918 205 1 1
1919 205 1 1
1920 206 2 1
1921 205 2 0
1922 205 2 2
1923 205 1 2
1924 205 2 1
1925 205 1 2
1926 204 1 1
1927 205 2 3
1928 205 1 2
1929 205 1 1
1930 205 2 1
1931 205 1 2
1932 205 2 1
1933 205 1 2
1934 205 2 1
1935 205 2 2
1936 205 2 2
1937 205 1 2
1938 205 2 1
1939 205 1 2
1940 205 1 1
1941 205 2 1
1942 205 1 2
1943 205 1 1
1944 205 1 1
1945 205 1 1
1946 205 1 1
1947 205 2 1
1948 205 1 2
1949 204 2 1
1950 205 1 4
1951 205 1 1
1952 205 1 1
1953 205 2 1
1954 205 1 2
1955 205 2 1
1956 205 2 2
1957 205 2 2
1958 205 0 2
1959 205 1 0
1960 205 1 1
1961 205 1 1
1962 205 1 1
1963 204 1 1
1964 205 1 3
1965 205 1 1
1966 204 1 1
1967 205 1 3
1968 204 1 1
1969 205 1 3
1970 205 1 1
1971 205 1 1
1972 205 1 1
1973 205 1 1
1974 205 0 1
1975 204 1 0
1976 205 1 3
1977 205 1 1
1978 205 1 1
1979 204 1 1
1980 204 1 3
1981 205 1 3
1982 204 1 1
1983 205 1 3
1984 204 1 1
1985 205 1 3
1986 205 1 1
1987 204 1 1
1988 205 1 3
1989 204 1 1
1990 205 1 3
1991 205 1 1
1992 205 1 1
1993 205 1 1
1994 204 1 1
1995 205 1 3
1996 205 1 1
1997 205 1 1
1998 204 1 1
1999 205 0 3
2000 205 1 0
2001 205 6 -511
2002 205 11 -506
2003 204 16 -501
2004 204 21 -494
2005 204 26 -489
2006 204 31 -484
2007 204 35 -479
2008 203 40 -475
2009 203 44 -467
2010 203 50 -463
2011 202 54 -457
2012 201 59 -451
2013 201 63 -443
2014 201 68 -439
2015 199 72 -434
2016 199 76 -425
2017 198 80 -421
2018 198 84 -415
2019 196 89 -411
2020 196 93 -401
2021 195 96 -397
2022 194 100 -391
2023 193 105 -385
2024 192 108 -377
2025 191 112 -372
2026 190 116 -365
2027 189 119 -359
2028 188 122 -353
2029 186 126 -348
2030 185 129 -339
2031 184 133 -333
2032 183 136 -327
2033 182 139 -321
2034 180 143 -316
2035 179 145 -307
2036 177 148 -302
2037 176 152 -294
2038 174 154 -288
2039 173 157 -281
2040 172 160 -275
2041 171 163 -270
2042 169 166 -264
2043 167 168 -256
2044 166 170 -249
2045 164 173 -245
2046 163 175 -237
2047 161 178 -232
2048 160 180 -224
2049 158 182 -220
2050 156 184 -213
2051 154 186 -206
2052 152 189 -199
2053 151 190 -191
2054 148 192 -187
2055 147 194 -178
2056 145 196 -173
2057 143 197 -166
2058 142 199 -160
2059 139 200 -156
2060 138 202 -147
2061 136 204 -143
2062 134 205 -136
2063 132 206 -130
2064 130 207 -124
2065 129 208 -118
2066 126 210 -114
2067 125 211 -105
2068 122 212 -101
2069 120 213 -93
2070 118 214 -87
2071 116 215 -81
2072 114 215 -75
2073 112 216 -70
2074 110 216 -64
2075 108 217 -59
2076 107 218 -53
2077 104 218 -49
2078 102 218 -42
2079 100 219 -37
2080 98 219 -31
2081 96 220 -26
2082 93 220 -20
2083 92 220 -12
2084 89 219 -10
2085 87 220 -3
2086 86 220 2
2087 83 220 5
2088 82 220 12
2089 79 220 15
2090 78 220 22
2091 75 219 25
2092 73 219 31
2093 71 219 36
2094 69 218 41
2095 67 217 45
2096 65 217 49
2097 63 217 54
2098 61 216 59
2099 59 215 63
2100 57 215 67
2101 55 214 72
2102 53 214 76
2103 51 213 81
2104 49 212 85
2105 47 211 89
2106 45 210 93
2107 43 209 97
2108 41 208 101
2109 39 207 105
2110 37 207 109
2111 35 205 114
2112 33 204 117
2113 32 203 121
2114 30 201 123
2115 28 200 126
2116 26 199 130
2117 24 198 134
2118 22 196 138
2119 20 195 141
2120 18 193 145
2121 17 192 148
2122 15 191 149
2123 13 188 153
2124 11 187 155
2125 9 185 159
2126 8 184 162
2127 6 182 164
2128 4 180 167
2129 2 179 170
2130 1 177 174
2131 -2 175 174
2132 -3 174 180
2133 -5 172 181
2134 -6 170 184
2135 -8 168 185
2136 -10 166 188
2137 -11 164 191
2138 -13 162 191
2139 -14 160 194
2140 -16 158 195
2141 -17 157 198
2142 -18 155 199
2143 -20 153 200
2144 -21 150 203
2145 -23 148 202
2146 -24 147 205
2147 -26 145 207
2148 -27 143 210
2149 -28 140 210
2150 -30 139 210
2151 -30 136 214
2152 -32 134 211
2153 -33 132 214
2154 -34 130 214
2155 -36 128 215
2156 -37 126 218
2157 -39 124 218
2158 -39 121 221
2159 -40 119 218
2160 -42 116 219
2161 -43 115 221
2162 -44 112 222
2163 -44 110 222
2164 -46 108 220
2165 -46 106 223
2166 -48 104 221
2167 -48 101 224
2168 -50 100 221
2169 -50 97 225
2170 -51 95 222
2171 -52 93 222
2172 -53 90 223
2173 -54 88 222
2174 -55 86 223
2175 -55 84 223
2176 -56 81 221
2177 -57 80 221
2178 -58 78 222
2179 -58 75 223
2180 -59 73 220
2181 -59 71 220
2182 -60 69 218
2183 -61 67 219
2184 -61 64 219
2185 -63 62 216
2186 -62 60 219
2187 -64 58 215
2188 -64 56 218
2189 -65 54 216
2190 -65 52 216
2191 -65 49 214
2192 -66 47 211
2193 -66 45 212
2194 -67 43 210
2195 -67 41 210
2196 -67 39 208
2197 -67 37 206
2198 -68 35 204
2199 -69 33 205
2200 -69 31 205
2201 -69 29 203
2202 -69 27 201
2203 -69 25 199
2204 -70 23 197
2205 -69 21 198
2206 -70 20 193
2207 -69 17 195
2208 -70 15 189
2209 -70 14 190
2210 -70 12 189
2211 -71 10 187
2212 -70 8 187
2213 -70 6 183
2214 -70 4 181
2215 -70 3 179
2216 -70 1 178
2217 -70 -1 176
2218 -70 -3 174
2219 -70 -5 172
2220 -70 -6 170
2221 -70 -8 169
2222 -70 -9 167
2223 -70 -12 166
2224 -69 -13 163
2225 -70 -14 159
2226 -69 -16 161
2227 -69 -18 156
2228 -69 -19 154
2229 -69 -21 153
2230 -69 -22 151
2231 -69 -23 150
2232 -69 -25 149
2233 -67 -27 147
2234 -68 -27 140
2235 -67 -29 143
2236 -67 -31 138
2237 -67 -32 136
2238 -66 -34 135
2239 -66 -35 131
2240 -66 -36 130
2241 -66 -37 129
2242 -65 -38 128
2243 -65 -40 124
2244 -65 -41 122
2245 -64 -42 121
2246 -64 -43 118
2247 -63 -44 117
2248 -63 -45 113
2249 -62 -46 112
2250 -62 -47 109
2251 -61 -48 108
2252 -61 -50 104
2253 -60 -51 102
2254 -60 -52 99
2255 -60 -53 98
2256 -59 -54 97
2257 -58 -54 93
2258 -57 -55 91
2259 -57 -56 87
2260 -57 -57 86
2261 -56 -58 85
2262 -56 -58 82
2263 -54 -59 82
2264 -55 -60 76
2265 -53 -61 77
2266 -53 -61 71
2267 -53 -62 71
2268 -52 -63 70
2269 -52 -63 67
2270 -50 -64 67
2271 -51 -65 61
2272 -49 -66 62
2273 -49 -66 56
2274 -48 -67 56
2275 -48 -67 53
2276 -47 -68 53
2277 -46 -68 49
2278 -46 -69 47
2279 -45 -69 46
2280 -44 -69 43
2281 -44 -69 41
2282 -43 -70 41
2283 -43 -70 37
2284 -42 -71 37
2285 -41 -71 34
2286 -40 -71 31
2287 -40 -72 29
2288 -39 -72 28
2289 -39 -73 25
2290 -38 -73 24
2291 -37 -73 22
2292 -36 -73 19
2293 -36 -73 17
2294 -35 -74 17
2295 -34 -74 13
2296 -34 -73 11
2297 -33 -74 12
2298 -32 -74 8
2299 -32 -74 6
2300 -31 -74 6
2301 -30 -74 3
2302 -30 -74 1
2303 -28 -74 1
2304 -28 -74 -4
2305 -27 -74 -4
2306 -27 -74 -6
2307 -26 -73 -6
2308 -25 -73 -8
2309 -25 -74 -10
2310 -24 -73 -11
2311 -23 -73 -13
2312 -22 -73 -15
2313 -22 -73 -18
2314 -21 -73 -18
2315 -20 -72 -20
2316 -20 -72 -22
2317 -19 -72 -22
2318 -18 -72 -24
2319 -17 -71 -27
2320 -17 -71 -28
2321 -16 -71 -28
2322 -16 -70 -31
2323 -15 -70 -30
2324 -14 -70 -32
2325 -14 -70 -35
2326 -13 -69 -35
2327 -12 -69 -36
2328 -12 -68 -39
2329 -11 -68 -38
2330 -11 -67 -40
2331 -9 -67 -39
2332 -9 -66 -44
2333 -8 -66 -43
2334 -8 -66 -46
2335 -7 -66 -46
2336 -6 -65 -48
2337 -6 -64 -50
2338 -5 -64 -49
2339 -5 -63 -51
2340 -4 -62 -50
2341 -4 -62 -52
2342 -3 -61 -52
2343 -2 -61 -53
2344 -2 -60 -56
2345 -1 -60 -55
2346 0 -59 -57
2347 1 -58 -59
2348 1 -58 -60
2349 2 -57 -60
2350 2 -57 -62
2351 3 -56 -62
2352 4 -55 -63
2353 3 -55 -65
2354 4 -54 -62
2355 4 -54 -64
2356 5 -53 -64
2357 6 -52 -65
2358 6 -52 -67
2359 7 -51 -67
2360 7 -50 -68
2361 8 -49 -67
2362 8 -49 -69
2363 9 -48 -69
2364 9 -47 -70
2365 9 -47 -69
2366 11 -46 -69
2367 11 -45 -73
2368 11 -44 -72
2369 12 -44 -71
2370 12 -43 -74
2371 13 -42 -73
2372 13 -41 -74
2373 14 -41 -73
2374 14 -39 -76
2375 14 -39 -74
2376 14 -38 -74
2377 15 -38 -73
2378 16 -37 -75
2379 16 -36 -77
2380 16 -35 -76
2381 16 -34 -75
2382 17 -34 -74
2383 17 -33 -76
2384 17 -32 -75
2385 17 -31 -74
2386 17 -30 -73
2387 18 -30 -72
2388 18 -29 -75
2389 19 -28 -74
2390 19 -28 -75
2391 19 -27 -75
2392 20 -26 -74
2393 19 -25 -76
2394 20 -24 -72
2395 20 -24 -74
2396 21 -23 -74
2397 21 -22 -75
2398 21 -21 -74
2399 21 -20 -73
2400 21 -20 -72
2401 22 -19 -72
2402 21 -18 -74
2403 22 -18 -70
2404 22 -17 -73
2405 22 -16 -72
2406 22 -15 -71
2407 22 -15 -70
2408 23 -14 -70
2409 23 -13 -71
2410 23 -13 -70
2411 23 -12 -70
2412 23 -11 -69
2413 23 -10 -68
2414 23 -10 -67
2415 24 -9 -67
2416 24 -9 -69
2417 24 -8 -69
2418 24 -7 -68
2419 24 -6 -67
2420 24 -5 -66
2421 24 -5 -65
2422 24 -4 -65
2423 24 -4 -64
2424 24 -3 -64
2425 24 -3 -63
2426 24 -2 -63
2427 24 -1 -62
2428 24 0 -61
2429 24 0 -60
2430 24 1 -60
2431 24 2 -59
2432 24 2 -58
2433 24 3 -58
2434 25 4 -57
2435 24 4 -58
2436 25 4 -56
2437 24 5 -58
2438 24 6 -55
2439 24 6 -54
2440 24 7 -54
2441 24 8 -53
2442 24 8 -52
2443 24 9 -52
2444 23 8 -51
2445 24 9 -49
2446 23 10 -51
2447 24 10 -47
2448 24 11 -50
2449 23 12 -49
2450 23 12 -45
2451 23 13 -45
2452 23 13 -44
2453 23 13 -44
2454 22 14 -44
2455 22 14 -41
2456 22 14 -41
2457 22 15 -41
2458 22 15 -40
2459 22 16 -40
2460 22 16 -39
2461 21 16 -39
2462 22 17 -36
2463 21 17 -38
2464 21 18 -35
2465 21 18 -34
2466 21 18 -34
2467 21 19 -34
2468 20 19 -33
2469 20 19 -31
2470 20 20 -31
2471 20 20 -30
2472 19 20 -30
2473 20 20 -27
2474 20 21 -30
2475 19 21 -29
2476 19 21 -26
2477 19 21 -26
2478 19 22 -26
2479 18 22 -25
2480 18 22 -23
2481 18 23 -23
2482 18 23 -22
2483 18 23 -22
2484 17 23 -22
2485 17 23 -19
2486 17 24 -19
2487 17 24 -18
2488 17 24 -18
2489 16 24 -18
2490 16 24 -16
2491 16 25 -16
2492 16 25 -15
2493 15 25 -15
2494 16 25 -12
2495 15 25 -15
2496 14 25 -12
2497 15 25 -10
2498 14 26 -12
2499 14 26 -9
2500 14 26 -9
2501 14 26 -9
2502 13 26 -9
2503 13 26 -6
2504 13 26 -6
2505 12 26 -6
2506 12 27 -4
2507 12 26 -3
2508 12 26 -4
2509 12 27 -4
2510 11 27 -3
2511 12 27 0
2512 11 27 -3
2513 11 26 0
2514 10 27 -1
2515 10 27 2
2516 10 26 2
2517 10 27 1
2518 10 27 2
2519 9 27 2
2520 9 27 4
2521 9 27 4
2522 9 27 4
2523 8 26 4
2524 8 26 6
2525 8 27 6
2526 7 26 7
2527 8 26 8
2528 7 26 6
2529 7 26 8
2530 7 26 8
2531 6 26 8
2532 7 26 11
2533 6 26 8
2534 6 26 11
2535 6 26 11
2536 5 26 11
2537 5 26 13
2538 5 26 13
2539 5 26 13
2540 4 26 13
2541 4 26 16
2542 4 25 16
2543 4 25 15
2544 4 25 15
2545 3 25 15
2546 4 25 17
2547 3 24 15
2548 3 24 16
2549 3 24 16
2550 2 24 16
2551 2 24 19
2552 2 24 19
2553 2 24 19
2554 2 23 19
2555 2 23 18
2556 1 23 18
2557 1 23 20
2558 1 23 20
2559 0 23 20
2560 0 22 23
2561 0 22 22
2562 0 22 22
2563 -1 22 22
2564 -1 21 24
2565 -1 21 23
2566 -1 21 23
2567 -1 21 23
2568 -2 20 23
2569 -2 20 25
2570 -2 20 25
2571 -2 20 25
2572 -2 20 25
2573 -3 19 25
2574 -3 19 26
2575 -3 19 26
2576 -3 19 26
2577 -4 19 26
2578 -3 18 29
2579 -3 18 25
2580 -4 17 25
2581 -4 17 27
2582 -4 17 27
2583 -4 17 27
2584 -4 17 27
2585 -5 16 27
2586 -4 16 28
2587 -5 16 26
2588 -4 16 28
2589 -5 16 26
2590 -5 15 28
2591 -5 15 27
2592 -5 15 27
2593 -6 15 27
2594 -6 14 30
2595 -5 14 29
2596 -6 13 26
2597 -6 13 28
2598 -6 13 28
2599 -6 13 28
2600 -6 12 28
2601 -7 12 27
2602 -6 12 29
2603 -7 12 27
2604 -7 11 29
2605 -7 11 28
2606 -7 11 28
2607 -7 11 28
2608 -7 10 28
2609 -7 10 27
2610 -7 10 27
2611 -7 9 27
2612 -7 9 26
2613 -8 9 26
2614 -7 9 29
2615 -8 9 26
2616 -7 8 29
2617 -8 8 25
2618 -8 7 28
2619 -9 7 27
2620 -8 7 29
2621 -8 7 27
2622 -9 6 27
2623 -8 6 28
2624 -8 5 26
2625 -8 5 25
2626 -8 6 25
2627 -9 5 26
2628 -9 5 27
2629 -9 4 27
2630 -9 4 26
2631 -9 4 26
2632 -8 4 26
2633 -9 4 24
2634 -9 3 26
2635 -8 3 25
2636 -10 3 23
2637 -8 2 28
2638 -9 2 22
2639 -9 2 24
2640 -9 2 24
2641 -9 2 24
2642 -9 1 24
2643 -9 1 23
2644 -9 1 23
2645 -9 1 23
2646 -9 1 23
2647 -9 0 23
2648 -8 0 22
2649 -8 0 20
2650 -9 0 20
2651 -9 0 22
2652 -9 -1 22
2653 -9 -1 21
2654 -9 -1 21
2655 -9 -1 21
2656 -9 -2 21
2657 -9 -2 20
2658 -9 -3 20
2659 -9 -2 19
2660 -8 -2 20
2661 -9 -3 18
2662 -9 -3 19
2663 -9 -3 19
2664 -9 -3 19
2665 -8 -3 19
2666 -8 -3 17
2667 -8 -4 17
2668 -8 -4 16
2669 -9 -4 16
2670 -8 -4 18
2671 -9 -4 16
2672 -8 -4 18
2673 -8 -5 16
2674 -7 -5 15
2675 -8 -5 12
2676 -8 -6 15
2677 -8 -5 14
2678 -8 -5 15
2679 -8 -6 15
2680 -8 -5 14
2681 -8 -6 15
2682 -7 -6 14
2683 -7 -6 11
2684 -7 -6 11
2685 -8 -6 11
2686 -7 -6 14
2687 -7 -6 11
2688 -7 -7 11
2689 -8 -7 10
2690 -7 -7 13
2691 -7 -7 10
2692 -7 -7 10
2693 -7 -7 10
2694 -6 -7 10
2695 -6 -7 8
2696 -7 -7 8
2697 -6 -7 10
2698 -7 -7 8
2699 -6 -7 10
2700 -6 -7 8
2701 -6 -7 8
2702 -6 -7 8
2703 -6 -7 8
2704 -5 -8 8
2705 -5 -7 4
2706 -6 -7 5
2707 -5 -7 8
2708 -5 -7 5
2709 -5 -8 5
2710 -5 -8 4
2711 -5 -8 4
2712 -5 -8 4
2713 -5 -8 4
2714 -5 -8 4
2715 -5 -8 4
2716 -5 -7 4
2717 -5 -8 5
2718 -4 -8 4
2719 -4 -8 2
2720 -4 -8 2
2721 -4 -8 2
2722 -4 -8 2
2723 -4 -8 2
2724 -4 -8 2
2725 -4 -8 2
2726 -4 -8 2
2727 -4 -8 2
2728 -3 -8 2
2729 -4 -8 0
2730 -3 -8 2
2731 -4 -8 0
2732 -3 -8 2
2733 -3 -8 0
2734 -3 -8 0
2735 -3 -8 0
2736 -3 -8 0
2737 -2 -8 0
2738 -3 -8 -3
2739 -3 -7 0
2740 -2 -8 0
2741 -2 -8 -3
2742 -2 -8 -3
2743 -2 -7 -3
2744 -2 -7 -2
2745 -2 -7 -2
2746 -2 -8 -2
2747 -2 -8 -3
2748 -2 -7 -3
2749 -2 -7 -2
2750 -2 -7 -2
2751 -1 -7 -2
2752 -2 -7 -4
2753 -1 -7 -2
2754 -1 -7 -4
2755 -2 -7 -4
2756 -1 -7 -2
2757 -1 -6 -4
2758 0 -7 -3
2759 -1 -7 -7
2760 0 -7 -4
2761 -1 -7 -7
2762 0 -6 -4
2763 0 -6 -6
2764 0 -6 -6
2765 0 -6 -6
2766 0 -6 -6
2767 0 -6 -6
2768 0 -6 -6
2769 0 -6 -6
2770 1 -6 -6
2771 0 -6 -8
2772 1 -6 -6
2773 1 -6 -8
2774 0 -6 -8
2775 1 -6 -6
2776 0 -6 -8
2777 1 -6 -6
2778 1 -5 -8
2779 1 -5 -7
2780 1 -5 -7
2781 1 -5 -7
2782 1 -5 -7
2783 1 -5 -7
2784 1 -5 -7
2785 1 -5 -7
2786 1 -5 -7
2787 1 -5 -7
2788 1 -5 -7
2789 1 -5 -7
2790 1 -5 -7
2791 1 -4 -7
2792 1 -4 -6
2793 1 -4 -6
2794 1 -4 -6
2795 1 -5 -6
2796 1 -4 -7
2797 1 -4 -6
2798 2 -4 -6
2799 2 -4 -9
2800 2 -4 -9
2801 1 -3 -9
2802 1 -3 -5
2803 2 -4 -5
2804 2 -4 -9
2805 2 -3 -9
2806 2 -3 -8
2807 2 -3 -8
2808 2 -3 -8
2809 2 -3 -8
2810 2 -3 -8
2811 2 -2 -8
2812 2 -3 -7
2813 2 -3 -8
2814 2 -2 -8
2815 2 -3 -7
2816 2 -3 -8
2817 2 -2 -8
2818 2 -3 -7
2819 3 -2 -8
2820 2 -2 -9
2821 3 -2 -7
2822 2 -1 -9
2823 3 -2 -6
2824 2 -2 -9
2825 2 -1 -7
2826 2 -1 -6
2827 2 -1 -6
2828 3 -1 -6
2829 3 -1 -8
2830 2 -1 -8
2831 3 -1 -6
2832 2 0 -8
2833 3 -1 -5
2834 3 -1 -8
2835 3 0 -8
2836 3 0 -7
2837 2 0 -7
2838 3 0 -5
2839 2 0 -7
2840 3 0 -5
2841 2 0 -7
2842 3 0 -5
2843 2 0 -7
2844 2 0 -5
2845 3 0 -5
2846 2 0 -7
2847 3 1 -5
2848 3 1 -6
2849 3 1 -6
2850 2 1 -6
2851 3 1 -4
2852 3 1 -6
2853 3 1 -6
2854 3 1 -6
2855 2 1 -6
2856 3 1 -4
2857 3 1 -6
2858 3 1 -6
2859 3 1 -6
2860 3 1 -6
2861 3 2 -6
2862 3 2 -5
2863 3 2 -5
2864 3 2 -5
2865 3 2 -5
2866 3 2 -5
2867 2 2 -5
2868 3 2 -3
2869 2 2 -5
2870 3 2 -3
2871 2 2 -5
2872 2 2 -3
2873 2 2 -3
2874 2 2 -3
2875 3 2 -3
2876 3 3 -5
2877 2 3 -4
2878 2 3 -2
2879 2 3 -2
2880 3 3 -2
2881 2 3 -4
2882 3 3 -2
2883 2 3 -4
2884 2 3 -2
2885 2 3 -2
2886 2 3 -2
2887 3 3 -2
2888 2 4 -4
2889 2 3 -1
2890 2 3 -2
2891 2 3 -2
2892 2 3 -2
2893 2 3 -2
2894 2 3 -2
2895 2 3 -2
2896 2 3 -2
2897 2 3 -2
2898 2 3 -2
2899 2 3 -2
2900 2 4 -2
2901 2 3 -1
2902 2 3 -2
2903 2 3 -2
2904 2 3 -2
2905 2 4 -2
2906 2 3 -1
2907 2 3 -2
2908 2 4 -2
2909 2 4 -1
2910 2 3 -1
2911 2 4 -2
2912 2 3 -1
2913 2 4 -2
2914 2 4 -1
2915 2 4 -1
2916 1 4 -1
2917 2 4 1
2918 1 4 -1
2919 1 4 1
2920 2 3 1
2921 1 4 -2
2922 2 4 1
2923 1 4 -1
2924 2 4 1
2925 1 4 -1
2926 1 4 1
2927 1 4 1
2928 1 4 1
2929 1 4 1
2930 1 4 1
2931 1 4 1
2932 1 4 1
2933 1 4 1
2934 1 4 1
2935 1 3 1
2936 1 4 0
2937 1 4 1
2938 1 4 1
2939 1 4 1
2940 1 4 1
2941 1 4 1
2942 1 4 1
2943 1 4 1
2944 1 4 1
2945 1 4 1
2946 1 3 1
2947 1 4 0
2948 1 4 1
2949 1 4 1
2950 1 4 1
2951 0 4 1
2952 2 4 4
2953 1 4 -1
2954 1 3 1
2955 1 4 0
2956 0 4 1
2957 1 4 4
2958 0 4 1
2959 0 4 4
2960 1 4 4
2961 0 4 1
2962 0 4 4
2963 0 4 4
2964 1 4 4
2965 0 4 1
2966 1 4 4
2967 0 3 1
2968 0 4 3
2969 0 3 4
2970 0 4 3
2971 1 3 4
2972 0 4 0
2973 0 3 4
2974 0 4 3
2975 0 4 4
2976 0 3 4
2977 0 3 3
2978 0 3 3
2979 0 3 3
2980 0 3 3
2981 -1 3 3
2982 0 4 5
2983 0 3 4
2984 -1 3 3
2985 0 4 5
2986 0 3 4
2987 0 3 3
2988 -1 3 3
2989 0 3 5
2990 0 3 3
2991 0 3 3
2992 0 3 3
2993 0 3 3
2994 0 3 3
2995 -1 3 3
2996 0 3 5
2997 0 3 3
2998 -1 3 3
2999 0 3 5
3000 -1 3 3
3001 0 3 5
3002 -1 3 3
3003 0 3 5
3004 0 3 3
3005 -1 3 3
3006 0 2 5
3007 -1 3 2
3008 -1 3 5
3009 -1 2 5
3010 -1 2 4
3011 -1 3 4
3012 -1 2 5
3013 0 3 4
3014 -1 3 3
3015 -1 2 5
3016 -1 2 4
3017 -1 2 4
3018 -1 2 4
3019 0 2 4
3020 0 2 2
3021 -1 2 2
3022 -1 2 4
3023 -1 2 4
3024 -1 2 4
3025 -1 2 4
3026 -1 2 4
3027 0 2 4
3028 -1 2 2
3029 -1 2 4
3030 -1 2 4
3031 -1 2 4
3032 -1 2 4
3033 -1 2 4
3034 0 2 4
3035 -1 2 2
3036 -1 2 4
3037 -1 2 4
3038 0 2 4
3039 0 2 2
3040 -1 2 2
3041 -1 2 4
3042 -1 2 4
3043 -1 2 4
3044 0 2 4
3045 -1 2 2
3046 0 2 4
3047 -1 2 2
3048 -1 2 4
3049 -1 2 4
3050 -1 2 4
3051 -1 2 4
3052 -1 2 4
3053 0 2 4
3054 -1 2 2
3055 -1 2 4
3056 -1 2 4
3057 -1 2 4
3058 -1 2 4
3059 -1 1 4
3060 0 2 3
3061 -1 1 2
3062 0 1 3
3063 -1 2 1
3064 -1 1 4
3065 -1 1 3
3066 -1 1 3
3067 -1 1 3
3068 -1 2 3
3069 -1 1 4
3070 -1 1 3
3071 0 2 3
3072 -1 1 2
3073 -1 2 3
3074 0 2 4
3075 -1 1 2
3076 -1 1 3
3077 -1 1 3
3078 0 1 3
3079 0 1 1
3080 -1 1 1
3081 -1 1 3
3082 -1 1 3
3083 0 1 3
3084 -1 2 1
3085 -1 1 4
3086 0 1 3
3087 -1 1 1
3088 -1 1 3
3089 -1 1 3
3090 -1 1 3
3091 -1 1 3
3092 0 1 3
3093 0 1 1
3094 -1 1 1
3095 0 1 3
3096 -1 1 1
3097 0 1 3
3098 -1 1 1
3099 -1 1 3
3100 0 1 3
3101 -1 1 1
3102 -1 1 3
3103 -1 1 3
3104 -1 1 3
3105 0 1 3
3106 -1 1 1
3107 -1 1 3
3108 -1 1 3
3109 -1 1 3
3110 -1 1 3
3111 -1 1 3
3112 -1 1 3
3113 -1 1 3
3114 -1 1 3
3115 0 1 3
3116 0 1 1
3117 -1 1 1
3118 0 1 3
3119 -1 1 1
3120 -1 1 3
3121 -1 0 3
3122 -1 1 2
3123 -1 1 3
3124 -1 1 3
3125 -1 0 3
3126 -1 0 2
3127 0 0 2
3128 -1 0 0
3129 -1 0 2
3130 -1 0 2
3131 -1 1 2
3132 -1 0 3
3133 -1 1 2
3134 -1 0 3
3135 -1 0 2
3136 -1 0 2
3137 -1 1 2
3138 -1 0 3
3139 -1 0 2
3140 -1 0 2
3141 -1 0 2
3142 -1 0 2
3143 -1 0 2
3144 -1 0 2
3145 -1 0 2
3146 -1 1 2
3147 -1 0 3
3148 -1 0 2
3149 -1 0 2
3150 -1 0 2
3151 -1 0 2
3152 -1 0 2
3153 0 0 2
3154 -1 0 0
3155 -1 0 2
3156 -1 0 2
3157 -1 0 2
3158 -1 0 2
3159 -1 0 2
3160 0 0 2
3161 -1 0 0
3162 -1 0 2
3163 0 0 2
3164 -1 0 0
3165 -1 0 2
3166 -1 0 2
3167 0 0 2
3168 -1 0 0
3169 -1 0 2
3170 0 0 2
3171 0 0 0
3172 0 0 0
3173 0 0 0
3174 -1 0 0
3175 -1 0 2
3176 -1 0 2
3177 0 0 2
3178 0 0 0
3179 0 0 0
3180 0 0 0
3181 0 0 0
3182 -1 0 0
3183 0 0 2
3184 0 0 0
3185 0 0 0
3186 -1 0 0
3187 -1 0 2
3188 0 0 2
3189 -1 0 0
3190 0 0 2
3191 0 0 0
3192 0 0 0
3193 0 0 0
3194 0 0 0
3195 0 0 0
3196 0 0 0
3197 -1 0 0
3198 0 0 2
3199 0 0 0
3200 0 0 0
3201 0 0 0
3202 0 0 0
3203 0 1 0
3204 1 1 1
3205 0 0 -1
3206 0 1 0
3207 0 1 1
3208 0 1 1
3209 1 1 1
3210 0 1 -1
3211 1 1 1
3212 0 1 -1
3213 1 1 1
3214 0 1 -1
3215 0 1 1
3216 1 1 1
3217 0 1 -1
3218 1 1 1
3219 0 1 -1
3220 0 1 1
3221 1 1 1
3222 0 1 -1
3223 0 1 1
3224 0 1 1
3225 0 1 1
3226 0 1 1
3227 1 1 1
3228 1 1 -1
3229 0 2 -1
3230 0 1 2
3231 0 1 1
3232 0 1 1
3233 0 1 1
3234 1 1 1
3235 0 1 -1
3236 0 1 1
3237 0 1 1
3238 0 1 1
3239 1 1 1
3240 0 1 -1
3241 1 1 1
3242 0 1 -1
3243 0 1 1
3244 1 1 1
3245 0 1 -1
3246 0 1 1
3247 0 1 1
3248 1 1 1
3249 0 1 -1
3250 1 1 1
3251 0 1 -1
3252 0 1 1
3253 1 1 1
3254 0 1 -1
3255 0 1 1
3256 1 2 1
3257 0 2 0
3258 1 1 2
3259 1 1 -1
3260 1 2 -1
3261 0 1 0
3262 0 1 1
3263 1 2 1
3264 0 1 0
3265 1 2 1
3266 0 2 0
3267 0 2 2
3268 1 2 2
3269 0 1 0
3270 1 2 1
3271 0 2 0
3272 1 2 2
3273 0 1 0
3274 0 1 1
3275 0 1 1
3276 1 2 1
3277 1 2 0
3278 0 1 0
3279 1 2 1
3280 0 2 0
3281 1 2 2
3282 0 2 0
3283 0 2 2
3284 0 1 2
3285 0 1 1
3286 0 1 1
3287 0 1 1
3288 0 1 1
3289 -1 1 1
3290 0 1 3
3291 0 1 1
3292 0 2 1
3293 0 1 2
3294 0 1 1
3295 0 1 1
3296 0 1 1
3297 0 1 1
3298 0 1 1
3299 0 1 1
3300 0 1 1
3301 0 1 1
3302 0 1 1
3303 -1 1 1
3304 0 1 3
3305 0 1 1
3306 0 1 1
3307 0 1 1
3308 0 1 1
3309 0 1 1
3310 0 1 1
3311 0 1 1
3312 0 1 1
3313 0 1 1
3314 0 1 1
3315 0 1 1
3316 0 2 1
3317 0 1 2
3318 0 1 1
3319 0 1 1
3320 0 1 1
3321 0 1 1
3322 -1 1 1
3323 0 1 3
3324 0 1 1
3325 0 1 1
3326 0 1 1
3327 0 1 1
3328 0 1 1
3329 0 1 1
3330 0 1 1
3331 0 1 1
3332 0 1 1
3333 -1 1 1
3334 0 1 3
3335 0 1 1
3336 0 1 1
3337 0 1 1
3338 0 1 1
3339 0 1 1
3340 0 1 1
3341 0 1 1
3342 0 1 1
3343 0 1 1
3344 0 1 1
3345 -1 1 1
3346 0 1 3
3347 0 1 1
3348 0 1 1
3349 -1 1 1
3350 0 1 3
3351 0 1 1
3352 0 1 1
3353 0 1 1
3354 0 1 1
3355 0 1 1
3356 0 1 1
3357 0 1 1
3358 0 1 1
3359 0 1 1
3360 0 1 1
3361 0 1 1
3362 0 1 1
3363 0 1 1
3364 0 1 1
3365 0 1 1
3366 0 1 1
3367 1 1 1
3368 0 2 -1
3369 0 1 2
3370 0 1 1
3371 0 1 1
3372 1 2 1
3373 0 1 0
3374 1 1 1
3375 0 2 -1
3376 0 1 2
3377 0 1 1
3378 0 1 1
3379 0 1 1
3380 0 1 1
3381 0 2 1
3382 0 1 2
3383 0 1 1
3384 0 1 1
3385 0 2 1
3386 0 1 2
3387 0 2 1
3388 1 2 2
3389 0 1 0
3390 0 1 1
3391 0 1 1
3392 0 2 1
3393 1 2 2
3394 0 2 0
3395 0 2 2
3396 0 2 2
3397 0 2 2
3398 0 1 2
3399 0 1 1
3400 1 1 1
3401 0 2 -1
3402 1 1 2
3403 0 2 -1
3404 0 1 2
3405 0 2 1
3406 0 2 2
3407 0 2 2
3408 0 2 2
3409 1 2 2
3410 0 2 0
3411 1 2 2
3412 0 1 0
3413 1 1 1
3414 0 2 -1
3415 0 2 2
3416 1 2 2
3417 0 2 0
3418 0 1 2
3419 0 2 1
3420 0 2 2
3421 0 2 2
3422 0 2 2
3423 1 2 2
3424 0 2 0
3425 0 1 2
3426 0 2 1
3427 0 2 2
3428 0 2 2
3429 0 2 2
3430 1 2 2
3431 0 2 0
3432 0 2 2
3433 0 1 2
3434 0 2 1
3435 0 2 2
3436 0 2 2
3437 1 2 2
3438 0 2 0
3439 0 2 2
3440 1 2 2
3441 0 2 0
3442 0 2 2
3443 0 1 2
3444 0 2 1
3445 0 2 2
3446 0 2 2
3447 0 1 2
3448 0 2 1
3449 0 1 2
3450 0 1 1
3451 0 1 1
3452 0 1 1
3453 0 1 1
3454 0 1 1
3455 0 2 1
3456 0 1 2
3457 -1 1 1
3458 0 1 3
3459 -1 1 1
3460 0 1 3
3461 0 1 1
3462 0 1 1
3463 0 1 1
3464 0 1 1
3465 0 1 1
3466 -1 1 1
3467 0 1 3
3468 0 1 1
3469 0 1 1
3470 0 1 1
3471 0 1 1
3472 0 1 1
3473 0 1 1
3474 0 1 1
3475 0 1 1
3476 0 1 1
3477 0 1 1
3478 0 1 1
3479 0 1 1
3480 -1 1 1
3481 0 1 3
3482 0 1 1
3483 0 1 1
3484 0 1 1
3485 0 1 1
3486 0 1 1
3487 -1 2 1
3488 0 1 4
3489 0 1 1
3490 0 1 1
3491 0 1 1
3492 0 1 1
3493 0 1 1
3494 0 1 1
3495 0 1 1
3496 0 1 1
3497 0 1 1
3498 -1 1 1
3499 0 1 3
3500 0 1 1
3501 0 1 1
3502 0 1 1
3503 0 1 1
3504 0 1 1
3505 0 1 1
3506 0 1 1
3507 0 1 1
3508 0 1 1
3509 0 1 1
3510 -1 1 1
3511 0 1 3
3512 0 1 1
3513 0 1 1
3514 0 1 1
3515 -1 1 1
3516 0 1 3
3517 -1 1 1
3518 0 1 3
3519 0 1 1
3520 0 1 1
3521 0 0 1
3522 0 1 0
3523 0 1 1
3524 0 1 1
3525 0 1 1
3526 0 1 1
3527 0 1 1
3528 0 1 1
3529 -1 1 1
3530 0 1 3
3531 0 1 1
3532 1 1 1
3533 0 2 -1
3534 0 1 2
3535 0 1 1
3536 0 1 1
3537 0 1 1
3538 0 1 1
3539 0 1 1
3540 0 1 1
3541 0 1 1
3542 0 1 1
3543 0 1 1
3544 0 1 1
3545 0 1 1
3546 0 2 1
3547 0 2 2
3548 0 1 2
3549 0 1 1
3550 0 1 1
3551 1 2 1
3552 0 1 0
3553 0 1 1
3554 -1 1 1
3555 0 1 3
3556 0 1 1
3557 0 1 1
3558 0 1 1
3559 0 2 1
3560 0 1 2
3561 0 2 1
3562 1 2 2
3563 0 2 0
3564 0 1 2
3565 0 1 1
3566 0 2 1
3567 0 1 2
3568 0 1 1
3569 0 1 1
3570 0 2 1
3571 0 2 2
3572 1 1 2
3573 0 2 -1
3574 1 1 2
3575 0 2 -1
3576 0 2 2
3577 0 1 2
3578 0 1 1
3579 0 1 1
3580 0 2 1
3581 1 1 2
3582 0 2 -1
3583 0 2 2
3584 0 2 2
3585 0 2 2
3586 0 2 2
3587 0 2 2
3588 0 1 2
3589 0 2 1
3590 0 2 2
3591 0 2 2
3592 0 2 2
3593 0 1 2
3594 0 2 1
3595 0 1 2
3596 0 2 1
3597 1 2 2
3598 0 1 0
3599 0 1 1
3600 0 1 1
3601 0 2 1
3602 0 1 2
3603 0 2 1
3604 0 2 2
3605 0 2 2
3606 0 1 2
3607 0 1 1
3608 0 1 1
3609 0 2 1
3610 0 1 2
3611 0 2 1
3612 0 2 2
3613 0 1 2
3614 0 1 1
3615 0 1 1
3616 0 1 1
3617 -1 1 1
3618 -1 1 3
3619 0 1 3
3620 0 1 1
3621 0 2 1
3622 0 1 2
3623 0 1 1
3624 0 1 1
3625 0 1 1
3626 0 1 1
3627 0 1 1
3628 0 1 1
3629 0 1 1
3630 0 1 1
3631 0 1 1
3632 0 1 1
3633 -1 1 1
3634 0 1 3
3635 0 1 1
3636 0 1 1
3637 0 1 1
3638 0 1 1
3639 0 1 1
3640 -1 1 1
3641 1 1 3
3642 0 1 -1
3643 0 1 1
3644 0 1 1
3645 0 1 1
3646 0 1 1
3647 0 1 1
3648 0 1 1
3649 0 1 1
3650 0 1 1
3651 0 1 1
3652 0 1 1
3653 0 1 1
3654 0 1 1
3655 0 1 1
3656 0 1 1
3657 0 1 1
3658 0 1 1
3659 0 1 1
3660 0 1 1
3661 0 0 1
3662 0 1 0
3663 0 1 1
3664 0 1 1
3665 0 1 1
3666 0 1 1
3667 0 1 1
3668 0 1 1
3669 0 1 1
3670 0 1 1
3671 -1 1 1
3672 0 1 3
3673 0 1 1
3674 0 1 1
3675 0 1 1
3676 0 1 1
3677 0 1 1
3678 0 0 1
3679 0 1 0
3680 0 1 1
3681 0 1 1
3682 0 0 1
3683 0 1 0
3684 0 1 1
3685 0 1 1
3686 0 1 1
3687 0 1 1
3688 0 1 1
3689 0 1 1
3690 0 1 1
3691 0 1 1
3692 0 1 1
3693 0 1 1
3694 -1 1 1
3695 0 1 3
3696 0 1 1
3697 0 1 1
3698 0 1 1
3699 1 1 1
3700 0 1 -1
3701 0 1 1
3702 0 1 1
3703 0 1 1
3704 0 1 1
3705 0 1 1
3706 1 1 1
3707 0 1 -1
3708 0 1 1
3709 1 1 1
3710 1 1 -1
3711 0 1 -1
3712 0 1 1
3713 0 1 1
3714 0 1 1
3715 0 2 1
3716 0 1 2
3717 0 2 1
3718 1 2 2
3719 0 1 0
3720 0 1 1
3721 0 1 1
3722 0 1 1
3723 0 1 1
3724 0 1 1
3725 1 1 1
3726 0 1 -1
3727 1 1 1
3728 0 1 -1
3729 0 1 1
3730 0 1 1
3731 0 1 1
3732 0 1 1
3733 0 1 1
3734 1 1 1
3735 0 1 -1
3736 0 1 1
3737 1 1 1
3738 0 1 -1
3739 1 2 1
3740 0 1 0
3741 1 1 1
3742 0 1 -1
3743 0 2 1
3744 0 1 2
3745 0 2 1
3746 1 1 2
3747 0 1 -1
3748 1 1 1
3749 0 1 -1
3750 1 1 1
3751 1 2 -1
3752 0 2 0
3753 0 2 2
3754 0 2 2
3755 0 2 2
3756 0 1 2
3757 0 2 1
3758 0 1 2
3759 0 1 1
3760 0 2 1
3761 0 2 2
3762 0 2 2
3763 0 1 2
3764 0 2 1
3765 1 2 2
3766 0 2 0
3767 1 1 2
3768 0 2 -1
3769 1 1 2
3770 0 2 -1
3771 1 2 2
3772 0 1 0
3773 1 2 1
3774 0 1 0
3775 0 2 1
3776 0 1 2
3777 0 1 1
3778 0 1 1
3779 0 1 1
3780 0 1 1
3781 0 2 1
3782 0 1 2
3783 0 1 1
3784 0 1 1
3785 0 1 1
3786 0 1 1
3787 0 1 1
3788 0 1 1
3789 0 1 1
3790 0 1 1
3791 0 1 1
3792 0 1 1
3793 0 1 1
3794 0 1 1
3795 0 1 1
3796 0 1 1
3797 0 1 1
3798 0 1 1
3799 0 1 1
3800 0 1 1
3801 0 2 1
3802 0 1 2
3803 0 1 1
3804 0 1 1
3805 -1 1 1
3806 -1 1 3
3807 0 1 3
3808 0 1 1
3809 0 1 1
3810 -1 1 1
3811 0 1 3
3812 0 1 1
3813 0 1 1
3814 0 1 1
3815 0 1 1
3816 0 1 1
3817 0 1 1
3818 0 1 1
3819 0 1 1
3820 0 1 1
3821 0 1 1
3822 0 1 1
3823 0 1 1
3824 0 1 1
3825 0 1 1
3826 0 1 1
3827 0 1 1
3828 0 1 1
3829 -1 1 1
3830 0 1 3
3831 0 1 1
3832 0 1 1
3833 0 1 1
3834 0 1 1
3835 0 1 1
3836 0 1 1
3837 0 1 1
3838 0 1 1
3839 0 1 1
3840 -1 1 1
3841 0 1 3
3842 0 1 1
3843 0 1 1
3844 0 1 1
3845 0 1 1
3846 0 1 1
3847 -1 1 1
3848 0 1 3
3849 0 1 1
3850 0 1 1
3851 0 1 1
3852 0 1 1
3853 0 1 1
3854 0 1 1
3855 0 1 1
3856 -1 1 1
3857 0 1 3
3858 0 1 1
3859 0 1 1
3860 0 1 1
3861 0 1 1
3862 0 1 1
3863 0 1 1
3864 0 1 1
3865 0 1 1
3866 1 1 1
3867 0 1 -1
3868 0 1 1
3869 0 1 1
3870 0 1 1
3871 1 1 1
3872 0 1 -1
3873 0 1 1
3874 0 2 1
3875 0 1 2
3876 0 2 1
3877 0 1 2
3878 1 2 1
3879 0 2 0
3880 0 1 2
3881 0 2 1
3882 0 1 2
3883 0 1 1
3884 0 1 1
3885 1 1 1
3886 0 1 -1
3887 1 1 1
3888 1 1 -1
3889 0 1 -1
3890 0 1 1
3891 0 2 1
3892 0 1 2
3893 0 1 1
3894 0 1 1
3895 1 1 1
3896 0 1 -1
3897 1 1 1
3898 0 2 -1
3899 1 2 2
3900 0 2 0
3901 0 2 2
3902 1 2 2
3903 0 1 0
3904 1 2 1
3905 0 1 0
3906 0 1 1
3907 0 1 1
3908 1 1 1
3909 1 2 -1
3910 0 2 0
3911 1 1 2
3912 0 2 -1
3913 0 1 2
3914 0 2 1
3915 0 1 2
3916 0 2 1
3917 0 2 2
3918 1 1 2
3919 0 1 -1
3920 0 1 1
3921 0 2 1
3922 0 2 2
3923 0 1 2
3924 0 2 1
3925 0 2 2
3926 0 2 2
3927 1 2 2
3928 0 2 0
3929 0 2 2
3930 0 1 2
3931 1 2 1
3932 0 2 0
3933 0 2 2
3934 0 2 2
3935 -1 2 2
3936 0 2 4
3937 0 1 2
3938 0 1 1
3939 0 2 1
3940 0 2 2
3941 1 2 2
3942 0 1 0
3943 0 1 1
3944 0 1 1
3945 0 1 1
3946 0 1 1
3947 0 1 1
3948 0 1 1
3949 -1 1 1
3950 0 1 3
3951 0 1 1
3952 -1 1 1
3953 0 1 3
3954 0 1 1
3955 0 1 1
3956 -1 1 1
3957 0 1 3
3958 0 1 1
3959 0 1 1
3960 0 1 1
3961 0 1 1
3962 0 1 1
3963 -1 1 1
3964 0 1 3
3965 0 1 1
3966 0 2 1
3967 0 1 2
3968 0 1 1
3969 0 1 1
3970 -1 1 1
3971 0 1 3
3972 0 1 1
3973 0 1 1
3974 0 1 1
3975 0 1 1
3976 0 1 1
3977 -1 1 1
3978 0 1 3
3979 0 1 1
3980 0 1 1
3981 0 1 1
3982 -1 1 1
3983 0 1 3
3984 -1 1 1
3985 0 1 3
3986 0 1 1
3987 -1 1 1
3988 0 1 3
3989 0 1 1
3990 0 1 1
3991 -1 1 1
3992 0 1 3
3993 0 1 1
3994 0 1 1
3995 0 1 1
3996 0 1 1
3997 0 1 1
3998 0 1 1
3999 0 1 1
