0 0 4 -2
1 0 -7 1001
2 0 -16 981
3 0 -26 960
4 0 -35 940
5 1 -44 919
6 1 -53 900
7 2 -62 879
8 2 -71 859
9 3 -80 839
10 4 -87 819
11 5 -95 800
12 6 -103 780
13 7 -110 760
14 8 -118 740
15 9 -125 720
16 10 -132 701
17 12 -139 682
18 13 -146 663
19 14 -152 643
20 16 -158 624
21 18 -164 606
22 19 -170 587
23 21 -176 568
24 23 -181 550
25 24 -186 531
26 26 -191 513
27 28 -196 495
28 30 -201 477
29 32 -206 459
30 34 -210 442
31 36 -214 424
32 38 -218 406
33 40 -222 389
34 42 -226 372
35 44 -229 356
36 46 -232 339
37 49 -235 323
38 51 -239 308
39 53 -241 291
40 55 -244 275
41 58 -247 260
42 60 -249 245
43 63 -252 230
44 65 -254 215
45 67 -256 199
46 70 -258 185
47 72 -259 171
48 75 -261 156
49 77 -262 142
50 80 -263 128
51 82 -265 115
52 85 -266 101
53 87 -266 87
54 89 -267 74
55 92 -268 61
56 95 -268 49
57 97 -268 37
58 100 -269 24
59 102 -269 13
60 105 -269 0
61 107 -269 -10
62 110 -268 -22
63 112 -268 -33
64 115 -268 -44
65 117 -267 -54
66 120 -267 -65
67 123 -265 -75
68 125 -265 -86
69 128 -264 -96
70 130 -262 -106
71 132 -261 -117
72 135 -260 -126
73 138 -259 -135
74 140 -257 -144
75 142 -256 -154
76 145 -254 -163
77 148 -252 -171
78 150 -250 -180
79 152 -248 -189
80 154 -246 -197
81 157 -245 -205
82 159 -242 -212
83 161 -240 -220
84 164 -238 -227
85 166 -235 -233
86 168 -233 -241
87 170 -230 -247
88 172 -228 -253
89 175 -225 -259
90 177 -222 -264
91 179 -220 -271
92 181 -217 -276
93 183 -214 -282
94 185 -211 -287
95 187 -208 -291
96 189 -205 -296
97 191 -202 -300
98 193 -199 -304
99 195 -196 -308
100 197 -192 -312
101 198 -190 -316
102 200 -186 -319
103 202 -183 -322
104 204 -180 -324
105 205 -177 -327
106 207 -173 -329
107 209 -170 -331
108 210 -167 -333
109 212 -163 -335
110 213 -160 -336
111 215 -157 -338
112 216 -153 -338
113 218 -150 -339
114 219 -146 -340
115 220 -143 -340
116 222 -139 -341
117 223 -136 -340
118 224 -132 -340
119 226 -129 -340
120 227 -125 -339
121 228 -122 -339
122 229 -119 -339
123 230 -116 -338
124 232 -112 -337
125 232 -108 -335
126 233 -105 -335
127 234 -102 -333
128 236 -98 -331
129 237 -95 -329
130 237 -92 -328
131 238 -89 -327
132 239 -85 -325
133 240 -82 -323
134 241 -79 -320
135 241 -75 -319
136 242 -73 -317
137 243 -70 -314
138 243 -66 -311
139 244 -63 -309
140 245 -60 -306
141 245 -57 -303
142 246 -54 -301
143 246 -51 -298
144 247 -48 -295
145 247 -45 -292
146 248 -42 -289
147 248 -39 -285
148 248 -37 -283
149 249 -34 -279
150 249 -31 -275
151 249 -28 -272
152 250 -25 -268
153 250 -22 -264
154 250 -20 -261
155 250 -18 -258
156 250 -15 -254
157 250 -13 -249
158 251 -10 -245
159 250 -8 -240
160 251 -5 -237
161 251 -2 -232
162 251 0 -228
163 251 2 -224
164 251 4 -220
165 250 7 -216
166 251 9 -212
167 251 11 -207
168 250 12 -203
169 251 15 -199
170 250 17 -195
171 250 19 -191
172 250 21 -186
173 250 23 -182
174 250 24 -178
175 249 26 -173
176 249 28 -170
177 249 30 -165
178 249 32 -160
179 248 33 -156
180 248 35 -153
181 248 36 -148
182 248 37 -144
183 247 39 -140
184 247 40 -136
185 246 41 -132
186 246 43 -128
187 246 44 -123
188 246 46 -119
189 245 47 -115
190 244 47 -112
191 244 49 -108
192 243 50 -104
193 243 51 -100
194 242 52 -95
195 242 52 -91
196 242 54 -86
197 241 54 -82
198 241 55 -79
199 240 56 -75
200 240 57 -71
201 239 57 -67
202 239 58 -64
203 238 59 -60
204 237 59 -57
205 237 60 -53
206 236 60 -49
207 236 61 -45
208 235 62 -41
209 234 62 -38
210 234 63 -34
211 234 63 -30
212 233 63 -26
213 232 63 -24
214 232 64 -20
215 231 63 -17
216 231 64 -14
217 230 64 -10
218 230 64 -8
219 229 64 -5
220 228 64 -2
221 228 64 0
222 227 64 3
223 227 64 5
224 226 64 8
225 226 64 10
226 225 64 13
227 225 63 15
228 224 64 17
229 223 63 19
230 223 63 21
231 222 63 24
232 221 63 26
233 221 63 28
234 220 62 31
235 220 62 33
236 219 61 36
237 219 61 37
238 218 60 40
239 217 60 41
240 217 60 43
241 216 60 46
242 216 59 48
243 215 59 50
244 215 58 52
245 215 58 54
246 214 57 55
247 213 56 56
248 213 56 57
249 212 55 59
250 212 54 60
251 212 54 62
252 211 53 63
253 210 53 63
254 210 52 64
255 210 51 66
256 209 51 67
257 209 50 67
258 208 49 68
259 208 49 69
260 207 48 70
261 207 48 70
262 206 47 71
263 206 46 72
264 206 46 73
265 205 45 74
266 205 44 74
267 204 43 75
268 204 43 75
269 204 42 76
270 203 41 77
271 203 40 77
272 202 40 77
273 202 39 78
274 202 38 79
275 201 37 79
276 201 36 79
277 201 36 80
278 200 35 80
279 200 35 80
280 200 33 81
281 200 33 81
282 200 32 81
283 199 31 80
284 199 30 80
285 199 30 80
286 198 29 79
287 198 28 78
288 198 27 79
289 197 27 79
290 197 26 78
291 197 25 78
292 197 24 79
293 197 24 78
294 197 23 78
295 196 22 77
296 196 21 76
297 196 21 76
298 196 20 76
299 195 19 75
300 195 19 74
301 195 17 75
302 195 17 74
303 195 16 74
304 195 15 74
305 195 15 73
306 195 14 72
307 195 13 71
308 195 13 70
309 195 12 69
310 195 11 67
311 195 11 66
312 194 10 64
313 194 10 62
314 194 9 62
315 194 9 61
316 194 8 61
317 194 8 60
318 194 7 59
319 194 7 58
320 194 6 57
321 194 5 56
322 194 5 55
323 194 4 54
324 194 4 53
325 194 4 52
326 194 3 51
327 194 2 50
328 194 2 49
329 194 1 48
330 194 1 47
331 194 0 46
332 194 0 45
333 194 0 44
334 194 -1 43
335 195 -1 42
336 194 -2 42
337 194 -2 40
338 194 -2 39
339 194 -3 38
340 194 -3 38
341 195 -4 37
342 195 -4 37
343 194 -4 35
344 195 -5 34
345 195 -5 34
346 195 -5 33
347 195 -5 31
348 195 -6 30
349 195 -6 29
350 195 -6 28
351 195 -6 28
352 195 -7 27
353 195 -7 27
354 195 -7 26
355 195 -7 26
356 196 -8 26
357 196 -8 25
358 196 -8 24
359 196 -8 23
360 196 -9 22
361 196 -9 21
362 196 -9 20
363 196 -9 20
364 196 -9 19
365 197 -10 19
366 197 -10 19
367 197 -10 17
368 197 -10 16
369 197 -10 15
370 197 -10 14
371 197 -10 13
372 197 -10 13
373 197 -10 12
374 198 -11 12
375 197 -11 12
376 198 -11 11
377 198 -11 11
378 198 -11 10
379 198 -11 9
380 198 -11 8
381 198 -11 8
382 199 -11 8
383 199 -11 7
384 199 -11 6
385 199 -11 5
386 199 -11 4
387 199 -11 3
388 199 -11 3
389 200 -11 2
390 199 -11 2
391 199 -11 1
392 199 -11 1
393 200 -12 1
394 199 -11 1
395 200 -11 0
396 200 -11 1
397 200 -12 0
398 200 -11 0
399 200 -12 0
400 200 -11 0
401 200 -12 0
402 201 -11 0
403 201 -11 0
404 201 -11 0
405 201 -11 -1
406 201 -11 -1
407 201 -11 -2
408 201 -11 -2
409 202 -11 -2
410 202 -11 -2
411 202 -11 -3
412 201 -11 -4
413 202 -11 -5
414 202 -11 -5
415 202 -10 -5
416 202 -10 -6
417 202 -10 -6
418 203 -10 -6
419 203 -10 -6
420 203 -10 -7
421 203 -10 -8
422 203 -10 -9
423 203 -10 -10
424 203 -10 -10
425 203 -9 -10
426 204 -9 -10
427 203 -9 -11
428 203 -10 -12
429 204 -9 -11
430 204 -9 -11
431 204 -9 -12
432 204 -8 -12
433 204 -8 -13
434 204 -8 -13
435 204 -7 -13
436 204 -8 -14
437 204 -7 -13
438 205 -8 -13
439 205 -8 -13
440 204 -7 -14
441 205 -7 -15
442 205 -7 -14
443 205 -6 -14
444 205 -7 -15
445 205 -6 -15
446 205 -6 -15
447 205 -6 -15
448 205 -6 -15
449 205 -6 -15
450 205 -5 -15
451 205 -5 -14
452 206 -5 -14
453 205 -5 -14
454 206 -5 -14
455 206 -5 -14
456 206 -4 -14
457 206 -4 -15
458 206 -4 -15
459 206 -4 -15
460 206 -4 -15
461 206 -3 -15
462 206 -3 -15
463 206 -3 -15
464 206 -3 -15
465 206 -3 -15
466 206 -3 -14
467 207 -2 -14
468 206 -2 -14
469 207 -2 -15
470 206 -2 -14
471 206 -1 -15
472 207 -1 -14
473 207 0 -13
474 207 0 -14
475 207 0 -14
476 207 0 -15
477 207 0 -15
478 207 0 -15
479 207 1 -15
480 207 1 -15
481 207 1 -15
482 207 1 -15
483 207 1 -15
484 207 1 -15
485 207 1 -15
486 207 2 -15
487 207 2 -14
488 207 2 -14
489 207 2 -14
490 207 3 -14
491 207 3 -13
492 207 3 -13
493 207 3 -13
494 207 3 -12
495 207 3 -12
496 207 3 -11
497 207 3 -11
498 207 4 -11
499 207 4 -10
500 207 4 -10
501 207 4 -9
502 207 4 -9
503 207 4 -9
504 207 4 -8
505 207 4 -8
506 207 5 -8
507 207 5 -8
508 207 4 -7
509 207 5 -7
510 207 5 -7
511 207 5 -7
512 207 5 -6
513 207 5 -6
514 207 6 -6
515 207 5 -6
516 207 6 -6
517 207 6 -6
518 207 6 -6
519 207 6 -5
520 207 6 -5
521 207 6 -5
522 206 6 -5
523 207 7 -5
524 207 6 -4
525 207 7 -4
526 206 7 -4
527 206 7 -4
528 206 7 -3
529 206 7 -2
530 206 7 -1
531 207 7 0
532 206 7 0
533 206 7 0
534 206 7 0
535 206 7 0
536 206 7 1
537 206 7 1
538 206 7 2
539 206 7 2
540 206 7 2
541 206 7 3
542 206 7 3
543 206 7 3
544 206 7 3
545 206 7 3
546 206 7 3
547 205 7 3
548 205 7 3
549 206 7 4
550 206 7 5
551 206 7 4
552 205 7 4
553 205 7 4
554 205 7 4
555 205 6 5
556 205 6 6
557 205 6 6
558 205 6 7
559 205 6 7
560 204 6 7
561 205 6 7
562 204 6 9
563 204 6 9
564 205 6 10
565 204 6 11
566 205 6 11
567 204 6 12
568 204 6 11
569 205 5 12
570 204 5 12
571 204 5 12
572 204 5 12
573 204 5 13
574 204 5 13
575 204 5 13
576 204 5 13
577 204 5 13
578 204 4 13
579 204 5 13
580 204 4 13
581 204 4 13
582 204 4 13
583 204 4 12
584 204 4 12
585 204 4 12
586 204 3 11
587 204 3 11
588 204 4 11
589 204 4 10
590 204 3 10
591 204 3 9
592 204 3 9
593 204 3 8
594 204 3 8
595 204 3 7
596 204 3 7
597 204 3 7
598 204 3 6
599 204 3 6
600 204 3 5
601 204 3 5
602 204 3 5
603 204 3 4
604 204 3 4
605 204 3 4
606 204 3 3
607 204 3 3
608 203 3 3
609 204 3 3
610 204 3 4
611 204 3 3
612 204 2 3
613 204 3 3
614 204 3 3
615 204 3 2
616 204 3 2
617 204 3 2
618 204 3 2
619 204 2 2
620 204 3 2
621 203 3 2
622 204 3 2
623 204 3 3
624 204 2 3
625 204 3 3
626 204 3 2
627 204 2 2
628 204 3 2
629 204 3 2
630 204 3 2
631 204 3 2
632 203 3 2
633 204 3 2
634 204 3 3
635 204 3 3
636 204 3 3
637 204 3 3
638 204 3 3
639 204 3 3
640 204 3 3
641 204 3 3
642 204 3 3
643 204 3 3
644 204 3 3
645 204 3 3
646 204 3 3
647 204 3 3
648 204 2 3
649 204 3 3
650 204 3 3
651 204 3 3
652 204 3 3
653 204 3 3
654 204 3 3
655 204 3 3
656 204 3 3
657 204 3 3
658 204 3 3
659 204 3 3
660 204 3 3
661 204 3 3
662 204 3 3
663 204 3 3
664 204 3 3
665 204 3 3
666 204 2 3
667 204 3 3
668 204 3 3
669 204 3 3
670 204 3 3
671 204 3 3
672 204 3 3
673 204 3 3
674 204 3 3
675 204 3 3
676 204 3 3
677 204 3 3
678 204 3 3
679 204 3 3
680 204 2 3
681 204 3 3
682 204 3 3
683 204 3 3
684 204 3 3
685 204 3 3
686 204 3 3
687 204 3 3
688 204 3 3
689 204 3 3
690 204 3 3
691 204 3 3
692 204 3 3
693 204 3 3
694 204 3 3
695 204 2 3
696 204 3 3
697 204 2 3
698 204 2 3
699 204 2 3
700 204 3 3
701 204 2 3
702 204 3 3
703 204 2 3
704 204 3 3
705 204 3 3
706 204 3 3
707 204 3 3
708 204 3 3
709 204 3 3
710 204 2 3
711 204 3 3
712 204 3 3
713 204 3 3
714 204 2 3
715 204 3 3
716 204 2 3
717 204 2 3
718 204 2 3
719 204 2 3
720 203 2 3
721 204 2 3
722 204 2 4
723 204 2 4
724 204 2 4
725 204 2 4
726 204 2 4
727 204 2 4
728 204 2 4
729 203 2 4
730 204 2 4
731 203 2 5
732 204 2 5
733 203 2 6
734 204 2 6
735 204 2 7
736 204 1 6
737 204 1 6
738 204 1 6
739 204 2 5
740 204 2 5
741 204 1 5
742 204 2 5
743 204 1 4
744 204 1 4
745 204 1 4
746 204 2 4
747 204 1 4
748 204 1 3
749 204 1 3
750 204 1 3
751 204 1 3
752 204 1 3
753 204 1 3
754 204 1 2
755 204 1 2
756 204 1 2
757 204 2 2
758 204 1 2
759 204 1 2
760 204 1 2
761 204 1 2
762 204 1 2
763 204 1 2
764 204 1 2
765 204 1 2
766 204 1 2
767 204 2 2
768 204 1 2
769 204 1 2
770 204 1 2
771 204 1 2
772 204 2 2
773 204 1 2
774 204 1 2
775 204 1 2
776 204 1 2
777 204 1 2
778 204 1 2
779 204 1 2
780 204 1 3
781 204 2 3
782 204 1 3
783 204 1 3
784 204 1 3
785 204 1 3
786 204 1 3
787 204 1 3
788 205 1 3
789 204 1 3
790 204 1 2
791 204 1 2
792 204 1 2
793 204 1 2
794 204 1 2
795 204 1 2
796 204 1 2
797 204 1 3
798 204 1 3
799 204 1 3
800 204 1 3
801 204 1 3
802 205 1 3
803 205 1 3
804 205 1 2
805 205 2 1
806 205 2 0
807 205 1 0
808 205 2 -1
809 205 2 -2
810 205 2 -2
811 205 2 -3
812 205 1 -4
813 205 2 -4
814 205 2 -5
815 205 2 -5
816 205 2 -5
817 205 3 -5
818 205 2 -6
819 205 3 -6
820 205 3 -6
821 205 3 -6
822 205 3 -6
823 205 3 -6
824 205 4 -6
825 205 3 -6
826 205 3 -6
827 205 3 -5
828 205 3 -5
829 205 3 -5
830 205 3 -5
831 205 3 -5
832 205 3 -4
833 205 4 -4
834 205 3 -4
835 205 4 -3
836 205 4 -3
837 205 4 -3
838 205 4 -3
839 205 4 -2
840 205 4 -2
841 205 4 -2
842 204 4 -1
843 205 4 -1
844 204 4 0
845 204 4 0
846 204 4 1
847 204 4 2
848 205 4 3
849 205 4 4
850 205 4 4
851 204 4 4
852 204 4 4
853 205 4 5
854 204 4 6
855 204 4 5
856 204 4 6
857 204 4 7
858 204 4 7
859 204 4 8
860 204 4 8
861 204 4 9
862 204 4 9
863 204 4 10
864 204 4 10
865 204 3 10
866 204 3 10
867 204 3 10
868 204 3 10
869 204 3 10
870 204 3 10
871 204 3 10
872 204 3 10
873 204 3 10
874 204 3 9
875 204 3 9
876 205 3 9
877 204 3 9
878 204 3 7
879 204 2 7
880 204 3 7
881 204 3 7
882 204 3 6
883 204 2 6
884 204 2 6
885 204 2 6
886 204 2 5
887 204 2 5
888 204 2 5
889 204 2 5
890 204 2 5
891 204 2 4
892 204 1 4
893 204 2 4
894 204 2 4
895 204 2 4
896 204 2 3
897 204 2 3
898 204 2 3
899 204 2 3
900 204 2 3
901 204 2 3
902 204 2 3
903 204 2 3
904 204 1 2
905 204 2 2
906 204 1 2
907 204 2 2
908 204 2 2
909 204 2 2
910 204 2 2
911 204 1 2
912 204 2 2
913 204 2 2
914 204 2 2
915 204 2 2
916 204 2 2
917 204 2 2
918 204 1 2
919 204 2 2
920 204 2 2
921 204 2 2
922 204 2 2
923 204 1 2
924 204 1 2
925 204 2 2
926 204 1 3
927 204 2 3
928 204 1 3
929 204 1 3
930 204 1 3
931 204 2 3
932 204 2 3
933 204 2 3
934 204 2 3
935 204 2 3
936 204 2 3
937 204 1 3
938 204 2 3
939 204 1 3
940 204 1 3
941 204 1 3
942 204 2 3
943 204 1 3
944 204 1 3
945 204 1 3
946 204 2 3
947 204 1 3
948 204 2 3
949 204 2 3
950 204 1 3
951 204 1 3
952 204 1 3
953 204 1 3
954 204 1 3
955 204 2 3
956 204 1 3
957 204 1 3
958 204 1 3
959 204 1 3
960 205 1 3
961 204 1 3
962 205 2 2
963 204 1 2
964 205 1 1
965 204 1 1
966 204 1 0
967 204 1 0
968 205 2 1
969 204 1 1
970 205 2 0
971 205 2 0
972 205 2 0
973 205 2 -1
974 205 2 -1
975 205 2 -2
976 205 2 -3
977 205 2 -3
978 205 2 -4
979 205 2 -4
980 205 2 -5
981 205 2 -5
982 205 3 -5
983 205 3 -5
984 205 3 -6
985 205 3 -6
986 205 3 -6
987 205 3 -6
988 205 3 -6
989 205 3 -6
990 205 3 -6
991 205 3 -5
992 205 3 -5
993 204 3 -5
994 205 4 -5
995 205 4 -4
996 205 4 -3
997 205 4 -3
998 205 4 -3
999 205 3 -3
1000 205 4 -3
1001 205 4 -2
1002 205 4 -2
1003 205 4 -2
1004 204 4 -2
1005 204 4 -2
1006 205 4 0
1007 204 4 0
1008 205 4 0
1009 204 4 1
1010 205 4 1
1011 204 4 3
1012 205 4 2
1013 204 4 3
1014 205 5 3
1015 204 4 4
1016 205 4 4
1017 204 4 5
1018 204 4 4
1019 204 4 5
1020 204 4 6
1021 205 4 7
1022 204 4 7
1023 204 4 7
1024 204 4 7
1025 205 4 8
1026 204 3 8
1027 204 4 7
1028 204 4 7
1029 204 4 8
1030 204 4 8
1031 204 4 8
1032 204 4 8
1033 204 3 9
1034 204 4 9
1035 204 3 9
1036 204 3 9
1037 204 3 9
1038 204 3 9
1039 204 3 8
1040 204 3 8
1041 204 3 8
1042 204 3 8
1043 204 3 8
1044 204 3 8
1045 204 3 7
1046 204 3 7
1047 204 3 7
1048 204 3 7
1049 204 2 6
1050 204 3 6
1051 204 2 6
1052 204 2 6
1053 204 2 5
1054 204 2 5
1055 204 2 5
1056 204 2 5
1057 204 2 5
1058 204 2 4
1059 204 2 4
1060 204 2 4
1061 204 2 4
1062 204 2 4
1063 204 2 3
1064 204 2 3
1065 204 2 3
1066 204 2 3
1067 204 2 3
1068 204 2 3
1069 204 2 3
1070 204 2 3
1071 204 2 2
1072 204 2 2
1073 204 2 2
1074 204 2 2
1075 204 2 2
1076 204 2 2
1077 204 1 2
1078 204 2 2
1079 204 2 2
1080 204 2 2
1081 204 2 2
1082 204 2 2
1083 204 2 2
1084 204 2 2
1085 204 2 2
1086 204 2 2
1087 204 2 2
1088 204 2 2
1089 204 2 2
1090 204 2 2
1091 204 2 2
1092 204 2 2
1093 204 2 2
1094 204 2 3
1095 204 2 3
1096 204 2 3
1097 204 2 3
1098 204 2 3
1099 204 2 3
1100 204 2 3
1101 204 2 3
1102 204 2 3
1103 204 2 3
1104 204 2 3
1105 204 2 3
1106 204 2 3
1107 204 2 3
1108 204 2 3
1109 204 2 3
1110 204 2 3
1111 204 2 3
1112 204 1 3
1113 204 1 3
1114 204 2 3
1115 204 2 3
1116 204 2 3
1117 204 1 3
1118 204 2 3
1119 204 2 3
1120 204 2 3
1121 204 2 3
1122 204 2 3
1123 204 2 3
1124 204 2 3
1125 204 2 3
1126 204 2 3
1127 204 1 3
1128 204 2 3
1129 204 1 3
1130 204 2 3
1131 204 2 3
1132 204 2 3
1133 205 2 3
1134 205 2 3
1135 205 2 2
1136 205 2 1
1137 204 2 0
1138 205 2 0
1139 204 2 0
1140 205 2 -1
1141 205 2 0
1142 204 2 -1
1143 205 2 -2
1144 205 2 -1
1145 205 2 -2
1146 204 2 -3
1147 204 3 -3
1148 204 2 -3
1149 204 3 -2
1150 205 3 -1
1151 204 3 -1
1152 204 2 -1
1153 204 3 0
1154 205 3 0
1155 204 3 0
1156 205 3 0
1157 204 3 0
1158 204 3 0
1159 204 3 0
1160 205 3 1
1161 205 3 1
1162 204 3 1
1163 204 3 0
1164 204 3 1
1165 204 3 1
1166 204 3 2
1167 204 3 3
1168 205 3 3
1169 204 3 4
1170 204 4 3
1171 204 3 3
1172 204 3 4
1173 204 3 4
1174 204 3 4
1175 205 3 5
1176 204 3 5
1177 204 3 4
1178 204 3 4
1179 204 3 5
1180 204 3 5
1181 204 3 5
1182 205 3 5
1183 205 3 6
1184 204 3 4
1185 204 3 3
1186 205 3 4
1187 204 3 4
1188 204 3 3
1189 204 3 3
1190 204 3 3
1191 204 3 4
1192 204 3 4
1193 205 3 4
1194 205 2 4
1195 204 3 3
1196 204 3 2
1197 205 2 2
1198 204 3 2
1199 204 3 2
1200 204 2 2
1201 204 3 2
1202 204 3 2
1203 205 3 3
1204 204 3 3
1205 204 3 2
1206 204 2 2
1207 205 3 2
1208 204 2 3
1209 204 3 2
1210 205 3 2
1211 204 3 2
1212 205 3 1
1213 204 2 2
1214 204 2 1
1215 204 3 1
1216 204 2 1
1217 204 2 2
1218 204 2 2
1219 204 3 2
1220 204 2 3
1221 204 2 3
1222 204 2 3
1223 204 3 3
1224 204 2 4
1225 204 2 4
1226 204 2 4
1227 204 2 4
1228 204 2 4
1229 204 2 4
1230 204 2 4
1231 204 2 5
1232 204 2 5
1233 204 2 5
1234 204 2 5
1235 204 1 5
1236 204 2 5
1237 204 2 5
1238 204 2 5
1239 204 2 5
1240 204 2 5
1241 204 1 5
1242 204 2 5
1243 204 2 5
1244 204 2 5
1245 204 2 5
1246 204 2 4
1247 204 2 4
1248 204 2 4
1249 204 2 4
1250 204 2 4
1251 204 2 4
1252 204 2 4
1253 204 2 4
1254 204 2 4
1255 204 1 4
1256 204 1 4
1257 204 2 4
1258 204 1 4
1259 204 1 4
1260 204 1 3
1261 204 1 3
1262 204 2 3
1263 204 1 3
1264 204 1 3
1265 205 1 3
1266 204 1 3
1267 204 1 2
1268 204 1 2
1269 204 1 2
1270 204 2 2
1271 204 2 2
1272 205 2 2
1273 204 2 2
1274 205 1 1
1275 204 1 1
1276 204 1 0
1277 204 2 0
1278 204 2 1
1279 204 2 1
1280 204 1 1
1281 204 1 1
1282 205 1 1
1283 204 1 2
1284 204 2 1
1285 205 2 1
1286 204 2 1
1287 205 1 0
1288 204 2 0
1289 204 2 0
1290 205 2 0
1291 205 1 0
1292 204 2 0
1293 205 2 0
1294 204 2 0
1295 205 2 -1
1296 205 2 0
1297 205 2 -1
1298 205 2 -1
1299 205 2 -2
1300 205 3 -2
1301 205 3 -3
1302 205 3 -3
1303 205 3 -4
1304 205 2 -4
1305 205 3 -4
1306 205 3 -4
1307 205 3 -5
1308 205 3 -5
1309 205 3 -5
1310 205 3 -5
1311 205 3 -5
1312 205 3 -5
1313 205 3 -5
1314 205 4 -5
1315 205 3 -4
1316 205 4 -4
1317 205 4 -4
1318 204 4 -4
1319 205 4 -4
1320 205 4 -2
1321 205 4 -2
1322 205 4 -2
1323 205 4 -2
1324 205 4 -2
1325 205 4 -2
1326 205 4 -1
1327 205 4 -1
1328 205 4 -1
1329 205 4 -1
1330 205 4 -1
1331 204 4 -1
1332 205 4 -1
1333 205 4 0
1334 205 5 0
1335 204 4 0
1336 205 5 0
1337 204 5 1
1338 204 5 1
1339 204 5 2
1340 204 4 3
1341 204 5 4
1342 204 5 5
1343 205 4 6
1344 204 5 7
1345 204 5 6
1346 204 5 7
1347 204 4 8
1348 204 4 8
1349 204 4 9
1350 204 4 9
1351 204 4 9
1352 204 4 10
1353 204 4 10
1354 204 4 10
1355 204 4 10
1356 204 3 10
1357 204 3 10
1358 204 4 10
1359 205 4 10
1360 204 4 10
1361 204 4 8
1362 204 3 8
1363 204 4 8
1364 204 4 8
1365 204 3 8
1366 204 3 8
1367 204 3 7
1368 204 3 7
1369 204 3 7
1370 204 3 7
1371 204 3 7
1372 204 3 6
1373 204 3 6
1374 204 3 6
1375 204 2 6
1376 204 3 5
1377 204 3 5
1378 204 2 5
1379 204 3 5
1380 203 2 4
1381 204 2 4
1382 204 3 5
1383 204 2 5
1384 204 2 5
1385 204 2 4
1386 203 2 4
1387 204 2 4
1388 203 2 5
1389 204 2 5
1390 203 2 6
1391 203 2 5
1392 204 2 6
1393 204 2 7
1394 204 2 7
1395 203 2 6
1396 204 2 6
1397 204 2 7
1398 203 1 6
1399 204 2 6
1400 204 2 6
1401 203 2 6
1402 204 2 5
1403 204 2 6
1404 204 2 6
1405 204 2 5
1406 204 2 5
1407 204 1 4
1408 204 2 4
1409 204 2 4
1410 204 2 3
1411 204 2 3
1412 204 2 3
1413 204 2 2
1414 204 1 2
1415 204 2 2
1416 204 2 2
1417 204 1 1
1418 204 2 1
1419 204 2 1
1420 204 2 1
1421 204 2 1
1422 204 2 1
1423 204 2 1
1424 204 1 1
1425 204 2 1
1426 204 2 1
1427 204 2 1
1428 204 1 1
1429 204 2 1
1430 204 1 1
1431 204 2 1
1432 204 2 1
1433 204 2 1
1434 204 2 1
1435 204 2 1
1436 204 1 1
1437 204 1 2
1438 204 2 2
1439 204 2 2
1440 204 2 2
1441 204 1 2
1442 204 2 2
1443 204 1 2
1444 204 2 2
1445 204 2 2
1446 204 2 2
1447 204 1 3
1448 204 2 3
1449 204 2 3
1450 204 2 3
1451 204 2 3
1452 204 2 3
1453 204 2 3
1454 204 2 3
1455 204 2 3
1456 204 2 3
1457 204 2 3
1458 204 2 3
1459 204 2 3
1460 204 2 3
1461 204 1 3
1462 204 2 3
1463 204 2 3
1464 204 2 3
1465 204 2 4
1466 204 2 4
1467 204 1 4
1468 204 2 4
1469 204 1 4
1470 204 2 4
1471 204 1 4
1472 204 1 4
1473 204 1 4
1474 204 1 4
1475 204 1 4
1476 204 2 4
1477 204 2 3
1478 204 1 3
1479 204 1 3
1480 204 2 3
1481 204 1 3
1482 204 1 3
1483 204 1 3
1484 204 1 3
1485 205 1 3
1486 204 1 3
1487 204 1 2
1488 204 1 2
1489 204 2 2
1490 204 1 2
1491 204 1 2
1492 204 1 2
1493 204 2 2
1494 204 1 3
1495 204 2 3
1496 204 1 3
1497 204 1 3
1498 204 1 3
1499 204 1 3
1500 204 1 3
1501 204 2 3
1502 204 1 3
1503 204 1 3
1504 204 1 3
1505 204 1 3
1506 204 1 3
1507 204 1 3
1508 205 1 3
1509 204 1 3
1510 204 1 2
1511 204 1 2
1512 205 1 2
1513 204 1 2
1514 204 1 1
1515 204 1 1
1516 205 1 2
1517 204 1 2
1518 204 1 1
1519 205 1 1
1520 204 1 1
1521 205 1 0
1522 204 1 0
1523 204 1 0
1524 205 1 0
1525 205 1 0
1526 204 1 0
1527 205 2 0
1528 205 1 0
1529 205 2 -1
1530 205 2 -1
1531 205 2 -2
1532 205 1 -3
1533 204 2 -3
1534 204 2 -4
1535 205 2 -3
1536 204 2 -2
1537 205 2 -2
1538 205 2 -1
1539 204 2 -2
1540 205 2 -2
1541 205 3 -1
1542 205 2 -2
1543 205 2 -2
1544 205 2 -2
1545 204 2 -2
1546 205 2 -3
1547 205 2 -2
1548 205 2 -2
1549 205 3 -2
1550 205 3 -2
1551 205 3 -2
1552 205 3 -2
1553 205 3 -2
1554 204 3 -2
1555 204 3 -2
1556 205 3 -1
1557 204 3 0
1558 205 3 0
1559 205 3 0
1560 205 3 0
1561 204 3 0
1562 204 3 0
1563 205 3 0
1564 204 3 1
1565 205 3 1
1566 204 3 2
1567 205 3 2
1568 205 3 3
1569 204 3 2
1570 204 3 2
1571 204 3 3
1572 205 3 4
1573 204 4 4
1574 204 3 4
1575 204 3 5
1576 204 3 5
1577 204 3 6
1578 204 3 6
1579 204 3 7
1580 204 3 7
1581 205 3 7
1582 204 3 8
1583 204 3 7
1584 205 3 7
1585 205 3 7
1586 204 3 6
1587 204 3 5
1588 204 2 5
1589 204 2 6
1590 204 2 6
1591 204 2 6
1592 204 2 6
1593 204 3 6
1594 204 2 6
1595 204 2 6
1596 204 2 6
1597 204 2 6
1598 204 2 6
1599 204 2 6
1600 204 2 6
1601 204 2 6
1602 204 2 6
1603 205 2 6
1604 205 2 6
1605 204 2 5
1606 204 2 3
1607 204 2 3
1608 204 2 3
1609 204 2 3
1610 204 2 3
1611 204 2 3
1612 204 2 3
1613 204 2 3
1614 204 2 3
1615 205 2 3
1616 204 2 3
1617 205 2 2
1618 204 2 2
1619 204 1 1
1620 205 2 1
1621 204 2 1
1622 204 1 0
1623 204 2 1
1624 204 2 1
1625 204 2 1
1626 205 2 1
1627 204 1 1
1628 204 2 0
1629 204 2 1
1630 204 2 1
1631 205 2 1
1632 205 2 1
1633 205 2 1
1634 205 2 0
1635 205 2 0
1636 205 3 -1
1637 205 2 -2
1638 205 3 -2
1639 205 3 -3
1640 205 3 -3
1641 205 3 -4
1642 204 3 -4
1643 205 3 -5
1644 205 3 -4
1645 205 3 -4
1646 205 3 -4
1647 205 3 -4
1648 205 3 -4
1649 205 3 -5
1650 205 3 -5
1651 205 4 -5
1652 205 4 -5
1653 205 4 -5
1654 205 4 -5
1655 205 4 -5
1656 205 4 -4
1657 204 4 -4
1658 205 4 -4
1659 205 4 -3
1660 205 4 -3
1661 204 4 -2
1662 205 4 -2
1663 205 4 -1
1664 205 5 -1
1665 205 5 -1
1666 205 4 -1
1667 205 4 -1
1668 205 4 -1
1669 205 5 -1
1670 205 5 0
1671 205 5 0
1672 204 5 0
1673 205 5 0
1674 205 5 0
1675 205 5 0
1676 204 5 0
1677 204 5 0
1678 204 5 1
1679 204 5 2
1680 204 5 3
1681 204 5 4
1682 205 5 5
1683 204 5 6
1684 204 5 6
1685 204 5 6
1686 204 5 7
1687 204 4 8
1688 204 4 8
1689 204 5 9
1690 204 4 9
1691 204 4 9
1692 204 5 9
1693 204 4 10
1694 204 4 10
1695 204 4 10
1696 204 4 10
1697 204 4 10
1698 204 4 10
1699 204 4 10
1700 204 4 10
1701 204 4 9
1702 204 4 9
1703 204 3 9
1704 204 3 9
1705 204 3 9
1706 204 4 8
1707 204 4 8
1708 204 4 8
1709 204 3 8
1710 204 3 7
1711 204 3 7
1712 204 3 7
1713 203 3 6
1714 204 3 6
1715 204 3 7
1716 203 2 7
1717 203 2 6
1718 204 3 7
1719 203 2 8
1720 203 2 7
1721 204 3 8
1722 204 2 9
1723 203 2 8
1724 203 2 8
1725 204 2 8
1726 203 2 9
1727 204 2 8
1728 203 2 9
1729 203 2 8
1730 203 2 8
1731 204 2 9
1732 204 1 9
1733 204 2 9
1734 203 2 8
1735 203 1 7
1736 204 2 7
1737 204 1 8
1738 204 1 7
1739 203 1 6
1740 203 1 5
1741 203 1 6
1742 204 1 6
1743 204 1 7
1744 204 1 6
1745 204 1 5
1746 204 1 5
1747 203 1 4
1748 204 1 3
1749 204 1 4
1750 204 1 3
1751 204 1 3
1752 204 1 2
1753 204 1 2
1754 203 1 1
1755 204 1 1
1756 204 1 2
1757 204 1 1
1758 204 1 1
1759 204 0 1
1760 204 1 0
1761 204 1 0
1762 203 1 0
1763 204 1 0
1764 204 2 1
1765 204 1 1
1766 204 1 1
1767 204 1 1
1768 204 1 0
1769 204 1 0
1770 204 1 0
1771 204 1 0
1772 204 1 0
1773 204 1 0
1774 204 1 0
1775 204 1 0
1776 204 1 0
1777 204 1 0
1778 204 1 1
1779 204 1 1
1780 204 1 1
1781 204 1 1
1782 204 1 1
1783 204 1 1
1784 204 1 1
1785 204 2 1
1786 204 1 1
1787 204 1 2
1788 204 1 2
1789 204 1 2
1790 204 1 2
1791 204 2 2
1792 204 2 2
1793 204 1 2
1794 204 1 2
1795 204 1 3
1796 204 1 3
1797 204 2 3
1798 204 1 3
1799 204 2 3
1800 205 2 3
1801 204 1 3
1802 205 2 2
1803 205 2 2
1804 204 2 1
1805 205 2 0
1806 205 2 0
1807 204 2 0
1808 205 2 0
1809 205 2 0
1810 205 2 -1
1811 205 2 -2
1812 205 2 -2
1813 205 3 -3
1814 204 2 -3
1815 205 2 -4
1816 204 2 -3
1817 205 2 -3
1818 204 3 -3
1819 205 3 -3
1820 205 3 -2
1821 205 3 -2
1822 205 3 -3
1823 205 3 -3
1824 204 3 -3
1825 205 3 -3
1826 205 3 -2
1827 205 3 -3
1828 205 3 -3
1829 205 3 -3
1830 205 3 -3
1831 204 3 -3
1832 205 3 -3
1833 204 4 -2
1834 205 4 -2
1835 204 3 -1
1836 204 4 -1
1837 205 3 0
1838 205 4 0
1839 205 4 0
1840 204 3 0
1841 204 4 0
1842 204 4 1
1843 205 4 2
1844 204 4 3
1845 205 4 2
1846 204 4 3
1847 205 4 3
1848 204 4 4
1849 204 3 3
1850 205 4 4
1851 205 3 5
1852 204 4 4
1853 205 4 3
1854 204 4 4
1855 204 4 3
1856 204 3 4
1857 204 3 5
1858 204 4 5
1859 204 4 6
1860 204 4 6
1861 204 3 6
1862 204 3 7
1863 204 3 7
1864 204 3 7
1865 205 3 7
1866 204 3 8
1867 204 3 7
1868 204 3 7
1869 204 3 7
1870 204 3 7
1871 204 3 7
1872 204 3 7
1873 204 3 7
1874 204 3 7
1875 204 3 7
1876 204 3 7
1877 204 3 7
1878 204 3 7
1879 204 2 7
1880 204 3 6
1881 204 2 6
1882 203 3 6
1883 204 2 6
1884 203 2 7
1885 204 2 7
1886 204 2 8
1887 204 2 7
1888 204 2 7
1889 204 2 7
1890 204 2 6
1891 204 2 6
1892 204 2 6
1893 204 1 5
1894 204 2 5
1895 204 2 5
1896 204 2 5
1897 204 1 4
1898 204 2 4
1899 204 2 4
1900 204 2 4
1901 204 2 3
1902 204 1 3
1903 204 1 3
1904 204 1 3
1905 204 2 3
1906 204 1 3
1907 204 1 2
1908 204 2 2
1909 204 1 2
1910 204 1 2
1911 204 1 2
1912 204 1 2
1913 204 1 2
1914 204 1 2
1915 204 1 2
1916 204 1 2
1917 204 1 2
1918 204 1 2
1919 204 1 2
1920 204 1 2
1921 204 1 2
1922 204 1 2
1923 204 2 2
1924 204 2 2
1925 204 1 2
1926 204 1 2
1927 204 2 2
1928 204 1 2
1929 204 1 2
1930 204 2 2
1931 204 1 2
1932 204 2 2
1933 204 2 2
1934 204 1 2
1935 204 1 3
1936 204 2 3
1937 204 1 3
1938 204 1 3
1939 204 1 3
1940 204 1 3
1941 204 1 3
1942 204 2 3
1943 204 1 3
1944 204 1 3
1945 204 1 3
1946 204 1 3
1947 204 1 3
1948 204 1 3
1949 204 2 3
1950 204 1 3
1951 204 2 3
1952 204 1 3
1953 204 1 3
1954 204 1 3
1955 204 1 3
1956 204 1 3
1957 204 1 3
1958 204 1 3
1959 204 1 3
1960 204 1 3
1961 204 1 3
1962 204 2 3
1963 204 1 3
1964 205 1 3
1965 205 2 3
1966 205 2 2
1967 205 2 1
1968 205 2 0
1969 205 2 0
1970 205 1 -1
1971 205 2 -2
1972 205 2 -3
1973 205 2 -3
1974 205 2 -4
1975 205 2 -4
1976 205 2 -5
1977 205 2 -5
1978 205 2 -6
1979 205 2 -6
1980 205 3 -6
1981 205 3 -6
1982 205 3 -6
1983 205 3 -6
1984 205 3 -6
1985 205 3 -6
1986 205 3 -6
1987 205 3 -6
1988 205 4 -6
1989 205 3 -6
1990 205 4 -6
1991 205 3 -5
1992 205 3 -5
1993 205 4 -5
1994 205 4 -5
1995 205 4 -4
1996 205 4 -4
1997 205 4 -4
1998 205 4 -3
1999 205 4 -3
2000 205 4 -3
2001 205 14 -1007
2002 204 24 -986
2003 205 34 -965
2004 204 43 -943
2005 204 52 -923
2006 203 62 -902
2007 202 70 -881
2008 202 79 -860
2009 201 87 -839
2010 200 96 -818
2011 199 104 -797
2012 198 111 -776
2013 197 118 -755
2014 196 126 -734
2015 195 133 -714
2016 194 140 -694
2017 192 147 -674
2018 191 153 -655
2019 189 160 -635
2020 188 166 -615
2021 186 172 -595
2022 184 178 -576
2023 183 184 -557
2024 181 189 -537
2025 179 194 -519
2026 178 199 -500
2027 175 204 -481
2028 174 209 -464
2029 172 213 -445
2030 170 217 -428
2031 168 221 -411
2032 166 225 -394
2033 164 229 -377
2034 162 233 -360
2035 160 236 -344
2036 157 240 -328
2037 155 243 -313
2038 152 246 -297
2039 150 248 -281
2040 148 251 -264
2041 146 254 -248
2042 143 256 -233
2043 140 258 -219
2044 138 260 -203
2045 136 262 -188
2046 133 264 -173
2047 130 266 -158
2048 128 267 -143
2049 126 268 -128
2050 123 269 -114
2051 120 270 -100
2052 118 271 -87
2053 115 272 -72
2054 113 272 -59
2055 110 273 -45
2056 108 273 -33
2057 105 273 -20
2058 103 273 -7
2059 100 273 4
2060 97 273 16
2061 95 273 28
2062 92 272 40
2063 90 272 51
2064 87 271 63
2065 85 271 73
2066 82 270 84
2067 80 269 94
2068 77 268 105
2069 75 267 114
2070 72 266 124
2071 70 264 133
2072 67 263 143
2073 64 261 152
2074 63 260 161
2075 60 258 170
2076 57 256 178
2077 55 255 186
2078 53 253 195
2079 50 251 203
2080 48 248 210
2081 46 246 217
2082 43 244 225
2083 41 241 231
2084 39 239 238
2085 37 237 245
2086 35 235 251
2087 32 232 256
2088 30 229 262
2089 28 227 267
2090 26 224 273
2091 24 221 278
2092 22 219 283
2093 20 215 287
2094 18 213 292
2095 16 210 296
2096 14 207 300
2097 12 204 303
2098 10 201 307
2099 8 198 310
2100 6 195 314
2101 4 192 317
2102 3 188 321
2103 1 185 324
2104 -1 182 326
2105 -3 178 329
2106 -5 175 331
2107 -6 172 334
2108 -8 169 337
2109 -10 166 339
2110 -11 162 341
2111 -12 159 344
2112 -14 155 345
2113 -15 152 346
2114 -17 148 347
2115 -18 145 348
2116 -19 142 349
2117 -21 138 349
2118 -22 135 349
2119 -23 131 350
2120 -24 128 350
2121 -26 124 349
2122 -27 120 348
2123 -28 117 348
2124 -29 113 348
2125 -30 110 347
2126 -31 107 346
2127 -31 103 345
2128 -33 100 343
2129 -33 97 340
2130 -34 94 339
2131 -35 91 336
2132 -36 87 333
2133 -37 84 331
2134 -37 81 328
2135 -38 77 326
2136 -39 74 322
2137 -39 71 319
2138 -40 68 316
2139 -41 65 313
2140 -41 62 310
2141 -42 59 307
2142 -42 56 303
2143 -43 53 300
2144 -43 50 296
2145 -44 47 293
2146 -44 44 289
2147 -44 41 286
2148 -45 38 282
2149 -45 36 278
2150 -45 33 275
2151 -46 30 271
2152 -46 27 266
2153 -46 25 263
2154 -46 23 259
2155 -47 20 255
2156 -46 17 251
2157 -47 15 248
2158 -47 13 243
2159 -47 11 239
2160 -47 8 235
2161 -47 6 231
2162 -47 4 227
2163 -47 1 223
2164 -47 -1 219
2165 -47 -3 215
2166 -47 -6 211
2167 -47 -8 207
2168 -46 -10 203
2169 -47 -12 199
2170 -46 -13 194
2171 -46 -16 191
2172 -46 -17 186
2173 -46 -19 181
2174 -46 -21 177
2175 -45 -22 173
2176 -45 -24 170
2177 -45 -25 165
2178 -44 -27 161
2179 -44 -29 157
2180 -44 -30 152
2181 -43 -32 147
2182 -43 -34 143
2183 -43 -35 138
2184 -43 -36 134
2185 -42 -37 130
2186 -42 -38 127
2187 -41 -39 122
2188 -41 -41 119
2189 -41 -42 114
2190 -40 -43 110
2191 -40 -44 107
2192 -39 -45 103
2193 -39 -46 99
2194 -39 -47 95
2195 -38 -48 91
2196 -37 -48 88
2197 -37 -49 85
2198 -37 -50 81
2199 -36 -51 77
2200 -35 -52 74
2201 -35 -52 70
2202 -34 -53 66
2203 -34 -53 63
2204 -34 -54 59
2205 -33 -54 55
2206 -32 -55 53
2207 -32 -56 49
2208 -31 -56 45
2209 -31 -56 42
2210 -31 -57 39
2211 -30 -57 36
2212 -30 -58 34
2213 -28 -57 31
2214 -28 -58 29
2215 -28 -58 25
2216 -27 -58 22
2217 -26 -59 20
2218 -26 -59 17
2219 -25 -59 14
2220 -26 -58 11
2221 -24 -59 8
2222 -24 -59 7
2223 -23 -59 4
2224 -23 -59 2
2225 -22 -59 0
2226 -21 -59 -2
2227 -21 -59 -5
2228 -20 -59 -8
2229 -20 -59 -10
2230 -19 -58 -13
2231 -19 -59 -15
2232 -18 -58 -17
2233 -18 -58 -19
2234 -17 -58 -21
2235 -16 -58 -23
2236 -16 -57 -25
2237 -15 -57 -28
2238 -15 -57 -30
2239 -14 -56 -32
2240 -14 -56 -34
2241 -13 -55 -36
2242 -13 -55 -38
2243 -12 -55 -40
2244 -11 -54 -41
2245 -10 -54 -43
2246 -10 -53 -45
2247 -10 -53 -48
2248 -9 -52 -50
2249 -9 -52 -52
2250 -8 -51 -54
2251 -8 -51 -55
2252 -8 -50 -57
2253 -7 -50 -58
2254 -7 -49 -59
2255 -6 -48 -60
2256 -5 -47 -61
2257 -5 -47 -62
2258 -4 -46 -64
2259 -4 -45 -65
2260 -3 -45 -66
2261 -3 -44 -68
2262 -3 -43 -69
2263 -2 -42 -70
2264 -2 -42 -71
2265 -1 -41 -72
2266 -1 -40 -73
2267 0 -40 -74
2268 0 -39 -74
2269 1 -38 -76
2270 1 -38 -77
2271 2 -36 -78
2272 2 -35 -79
2273 2 -35 -80
2274 3 -34 -81
2275 3 -33 -82
2276 3 -32 -83
2277 4 -31 -83
2278 4 -31 -83
2279 4 -30 -84
2280 4 -29 -85
2281 5 -28 -85
2282 5 -27 -84
2283 6 -26 -84
2284 5 -26 -84
2285 6 -25 -85
2286 6 -24 -84
2287 6 -23 -84
2288 7 -22 -83
2289 7 -21 -82
2290 7 -20 -82
2291 7 -19 -82
2292 7 -18 -81
2293 8 -17 -80
2294 8 -16 -79
2295 8 -16 -79
2296 8 -15 -78
2297 8 -14 -77
2298 9 -13 -76
2299 9 -12 -75
2300 9 -12 -75
2301 9 -11 -74
2302 9 -10 -73
2303 9 -9 -72
2304 9 -9 -71
2305 10 -8 -70
2306 10 -7 -69
2307 10 -6 -68
2308 10 -6 -68
2309 10 -5 -67
2310 10 -4 -66
2311 10 -4 -65
2312 10 -3 -64
2313 11 -3 -63
2314 10 -2 -62
2315 10 -1 -62
2316 10 0 -60
2317 10 0 -59
2318 10 1 -57
2319 10 2 -56
2320 10 2 -54
2321 11 3 -53
2322 10 3 -51
2323 10 4 -51
2324 11 5 -49
2325 10 5 -48
2326 10 6 -47
2327 10 6 -46
2328 10 7 -44
2329 10 7 -43
2330 10 7 -42
2331 10 8 -40
2332 10 8 -39
2333 10 9 -38
2334 10 9 -37
2335 10 9 -36
2336 10 10 -35
2337 10 10 -34
2338 10 10 -33
2339 9 11 -33
2340 10 11 -32
2341 9 12 -30
2342 9 12 -30
2343 10 13 -28
2344 8 12 -27
2345 9 13 -27
2346 9 13 -24
2347 9 13 -23
2348 9 14 -22
2349 9 14 -22
2350 9 14 -21
2351 8 14 -20
2352 8 15 -20
2353 8 15 -19
2354 8 15 -17
2355 8 15 -16
2356 8 16 -15
2357 8 16 -14
2358 8 16 -14
2359 7 16 -13
2360 7 16 -13
2361 7 16 -11
2362 7 17 -10
2363 7 16 -9
2364 7 17 -8
2365 6 17 -7
2366 6 17 -6
2367 7 17 -5
2368 6 17 -3
2369 6 17 -3
2370 6 17 -2
2371 6 17 -2
2372 6 17 -1
2373 6 17 0
2374 5 17 0
2375 5 17 0
2376 5 17 0
2377 5 17 1
2378 5 17 2
2379 4 17 3
2380 4 17 3
2381 4 17 5
2382 4 17 6
2383 4 17 7
2384 3 17 8
2385 3 17 8
2386 3 17 10
2387 3 16 11
2388 3 17 13
2389 3 16 13
2390 3 16 14
2391 3 16 15
2392 3 16 15
2393 3 16 15
2394 3 16 15
2395 2 15 15
2396 2 16 14
2397 2 15 15
2398 2 15 15
2399 2 15 16
2400 2 15 16
2401 2 15 16
2402 1 15 16
2403 1 14 15
2404 1 14 16
2405 1 14 17
2406 1 14 17
2407 1 13 18
2408 1 14 18
2409 1 14 18
2410 0 13 17
2411 0 13 17
2412 0 13 18
2413 0 13 19
2414 0 13 19
2415 0 12 19
2416 0 12 20
2417 -1 12 20
2418 0 12 19
2419 -1 12 20
2420 0 11 20
2421 -1 12 21
2422 -1 11 20
2423 -1 11 21
2424 -1 11 21
2425 -1 11 21
2426 -1 11 21
2427 -1 10 21
2428 -2 10 21
2429 -1 10 21
2430 -1 10 22
2431 -2 10 21
2432 -2 10 20
2433 -3 9 21
2434 -2 9 21
2435 -2 9 23
2436 -2 8 23
2437 -2 8 23
2438 -2 8 23
2439 -3 8 23
2440 -3 8 22
2441 -3 8 23
2442 -3 7 24
2443 -3 8 25
2444 -3 7 25
2445 -3 7 25
2446 -3 6 26
2447 -3 6 26
2448 -3 6 26
2449 -3 6 26
2450 -3 6 25
2451 -3 5 25
2452 -3 4 25
2453 -3 5 24
2454 -3 5 24
2455 -3 4 23
2456 -3 4 23
2457 -3 4 22
2458 -3 4 22
2459 -3 4 21
2460 -3 4 20
2461 -3 3 20
2462 -3 4 19
2463 -3 4 18
2464 -3 3 18
2465 -3 3 17
2466 -3 3 16
2467 -3 3 16
2468 -3 3 15
2469 -3 3 14
2470 -3 3 14
2471 -3 2 13
2472 -3 3 13
2473 -3 2 12
2474 -3 2 12
2475 -3 2 11
2476 -3 2 11
2477 -3 1 10
2478 -3 2 10
2479 -3 2 10
2480 -3 2 9
2481 -3 2 9
2482 -3 2 9
2483 -3 1 8
2484 -2 1 8
2485 -3 1 8
2486 -3 1 7
2487 -3 1 7
2488 -3 1 7
2489 -3 1 7
2490 -3 1 7
2491 -3 1 7
2492 -3 1 7
2493 -3 1 7
2494 -3 1 7
2495 -2 0 7
2496 -3 0 7
2497 -2 1 6
2498 -2 0 6
2499 -2 1 5
2500 -3 1 5
2501 -2 0 4
2502 -2 1 4
2503 -2 1 3
2504 -2 1 3
2505 -2 0 2
2506 -2 0 2
2507 -2 0 1
2508 -2 0 1
2509 -2 0 1
2510 -2 1 0
2511 -3 1 0
2512 -2 1 0
2513 -2 1 1
2514 -2 0 1
2515 -2 0 1
2516 -2 1 1
2517 -2 0 1
2518 -2 1 1
2519 -2 0 1
2520 -2 0 1
2521 -2 0 1
2522 -2 0 1
2523 -2 1 2
2524 -2 1 2
2525 -2 1 2
2526 -2 0 2
2527 -2 1 3
2528 -2 1 3
2529 -2 1 3
2530 -2 1 3
2531 -1 1 4
2532 -2 0 4
2533 -1 1 3
2534 -2 1 3
2535 -1 0 2
2536 -2 1 3
2537 -1 1 2
2538 -2 1 2
2539 -1 1 2
2540 -2 0 2
2541 -2 0 1
2542 -2 0 2
2543 -2 0 3
2544 -2 0 3
2545 -2 1 4
2546 -2 0 4
2547 -2 0 5
2548 -2 0 5
2549 -2 0 6
2550 -2 0 6
2551 -1 0 6
2552 -2 0 7
2553 -2 0 6
2554 -1 0 6
2555 -2 0 7
2556 -1 0 6
2557 -1 0 6
2558 -2 0 5
2559 -2 -1 4
2560 -2 0 5
2561 -1 0 5
2562 -1 0 6
2563 -1 0 5
2564 -2 -1 4
2565 -1 -1 3
2566 -1 -1 4
2567 -1 -1 3
2568 -1 0 3
2569 -1 -1 2
2570 -1 -1 2
2571 -1 0 1
2572 -1 0 1
2573 -1 -1 0
2574 -1 -1 0
2575 -1 -1 0
2576 -1 0 0
2577 -1 0 0
2578 -1 0 0
2579 -1 0 0
2580 -1 0 0
2581 -1 0 0
2582 -1 0 0
2583 -1 0 0
2584 -1 0 0
2585 -1 0 0
2586 -1 0 0
2587 -1 0 0
2588 -1 0 0
2589 -1 0 0
2590 0 0 0
2591 -1 0 0
2592 0 0 -1
2593 0 0 0
2594 0 0 -1
2595 0 0 -2
2596 0 1 -3
2597 0 0 -4
2598 0 0 -4
2599 -1 1 -5
2600 0 1 -5
2601 0 1 -4
2602 -1 1 -5
2603 0 1 -5
2604 0 1 -4
2605 0 1 -5
2606 0 1 -5
2607 0 1 -5
2608 -1 1 -5
2609 -1 2 -5
2610 0 1 -4
2611 0 1 -3
2612 0 1 -3
2613 -1 1 -3
2614 0 2 -3
2615 0 2 -2
2616 0 2 -2
2617 0 2 -2
2618 0 2 -2
2619 0 1 -2
2620 0 2 -2
2621 0 2 -2
2622 0 2 -2
2623 0 2 -2
2624 0 2 -2
2625 0 3 -2
2626 0 2 -2
2627 0 3 -2
2628 0 3 -2
2629 0 3 -2
2630 0 3 -2
2631 0 3 -1
2632 0 3 -1
2633 0 3 -1
2634 0 3 -1
2635 0 3 -1
2636 0 3 -1
2637 0 3 -1
2638 0 3 -1
2639 0 3 0
2640 0 3 0
2641 0 3 0
2642 0 3 0
2643 0 3 0
2644 0 4 0
2645 0 3 0
2646 0 3 0
2647 0 3 0
2648 0 4 0
2649 0 3 0
2650 0 3 0
2651 0 4 0
2652 0 3 0
2653 0 3 0
2654 0 3 0
2655 0 3 0
2656 0 3 0
2657 0 3 0
2658 0 3 0
2659 0 4 0
2660 0 4 0
2661 0 4 0
2662 0 4 0
2663 0 4 0
2664 0 4 0
2665 0 4 0
2666 0 4 0
2667 0 4 0
2668 0 4 0
2669 0 4 0
2670 0 4 0
2671 -1 4 0
2672 0 4 0
2673 0 4 1
2674 0 4 1
2675 0 4 1
2676 0 4 1
2677 0 4 1
2678 0 4 1
2679 0 4 1
2680 0 4 0
2681 0 4 0
2682 0 5 0
2683 0 4 0
2684 0 4 0
2685 -1 4 0
2686 0 4 0
2687 0 4 1
2688 0 4 1
2689 0 4 1
2690 0 4 1
2691 0 4 0
2692 -1 4 0
2693 0 5 0
2694 0 4 1
2695 -1 4 1
2696 -1 4 1
2697 -1 4 2
2698 -1 4 3
2699 -1 4 4
2700 0 4 5
2701 0 4 5
2702 0 4 5
2703 0 4 4
2704 -1 4 4
2705 -1 4 3
2706 -1 4 4
2707 -1 4 5
2708 -1 4 5
2709 -1 4 6
2710 -1 4 6
2711 -1 3 7
2712 -1 4 7
2713 -1 4 7
2714 -1 4 8
2715 -1 3 8
2716 -1 3 8
2717 -1 3 8
2718 -2 3 8
2719 -1 3 8
2720 -1 3 10
2721 -1 3 9
2722 -2 3 9
2723 -1 3 9
2724 -1 3 10
2725 -1 3 10
2726 -2 3 10
2727 -1 3 9
2728 -2 2 10
2729 -1 3 10
2730 -2 3 11
2731 -1 2 10
2732 -1 2 11
2733 -1 2 10
2734 -2 2 10
2735 -1 2 9
2736 -1 2 10
2737 -1 2 9
2738 -2 2 8
2739 -1 1 8
2740 -1 2 8
2741 -1 2 8
2742 -1 1 7
2743 -1 1 6
2744 -1 1 6
2745 -1 1 5
2746 -1 1 5
2747 -1 1 4
2748 -1 1 4
2749 -1 1 3
2750 -1 1 3
2751 -2 1 3
2752 -1 1 2
2753 -1 2 3
2754 -1 1 3
2755 -1 1 2
2756 -1 1 2
2757 -1 1 2
2758 -1 1 2
2759 -2 1 1
2760 -2 1 1
2761 -1 1 2
2762 -1 1 3
2763 -1 1 3
2764 -1 2 3
2765 -1 1 2
2766 -1 1 2
2767 -1 1 2
2768 -1 1 2
2769 -1 1 2
2770 -1 1 2
2771 -2 1 2
2772 -1 1 1
2773 -1 1 3
2774 -1 1 2
2775 -1 1 2
2776 -1 1 2
2777 -1 1 2
2778 -1 1 2
2779 -1 1 2
2780 -1 1 2
2781 -1 1 2
2782 -1 1 2
2783 -1 1 2
2784 -1 1 2
2785 -1 1 2
2786 -1 1 2
2787 -1 1 2
2788 -1 1 2
2789 -1 1 2
2790 -1 1 2
2791 -1 2 2
2792 -1 2 2
2793 -1 1 2
2794 -1 1 2
2795 0 1 2
2796 -1 1 2
2797 -1 2 1
2798 -1 1 1
2799 -1 2 1
2800 -1 1 1
2801 -1 1 2
2802 -1 1 2
2803 -1 2 2
2804 -1 1 2
2805 -1 1 2
2806 -1 2 2
2807 -1 1 2
2808 0 1 2
2809 0 1 3
2810 -1 1 2
2811 -1 2 0
2812 0 1 1
2813 -1 1 1
2814 0 1 0
2815 -1 1 0
2816 0 1 0
2817 -1 2 0
2818 -1 2 0
2819 0 1 0
2820 0 2 0
2821 -1 2 0
2822 -1 2 -1
2823 0 2 0
2824 -1 2 0
2825 0 2 0
2826 -1 2 0
2827 0 2 0
2828 0 2 0
2829 -1 2 -1
2830 -1 2 -1
2831 -1 2 0
2832 0 2 0
2833 0 2 0
2834 -1 2 0
2835 0 2 0
2836 -1 2 0
2837 -1 2 0
2838 -1 2 0
2839 -1 2 0
2840 0 2 1
2841 -1 3 2
2842 0 2 1
2843 -1 2 2
2844 0 2 1
2845 -1 2 2
2846 0 2 1
2847 -1 2 2
2848 0 2 1
2849 0 2 2
2850 0 2 1
2851 -1 2 0
2852 0 2 0
2853 0 3 1
2854 0 2 0
2855 -1 2 0
2856 0 3 0
2857 -1 2 0
2858 -1 3 0
2859 -1 2 0
2860 -1 2 1
2861 0 3 2
2862 -1 2 2
2863 0 2 2
2864 -1 2 2
2865 0 2 2
2866 -1 2 2
2867 0 2 2
2868 0 3 2
2869 0 3 2
2870 -1 3 1
2871 0 2 0
2872 0 3 1
2873 0 2 1
2874 -1 2 0
2875 -1 3 0
2876 0 3 0
2877 0 3 1
2878 -1 3 1
2879 -1 3 0
2880 0 3 1
2881 0 2 1
2882 0 3 1
2883 0 3 0
2884 -1 3 0
2885 -1 3 0
2886 0 3 0
2887 -1 3 1
2888 0 3 1
2889 -1 3 1
2890 0 3 1
2891 0 3 1
2892 -1 3 1
2893 0 3 0
2894 -1 3 1
2895 -1 3 1
2896 0 3 1
2897 -1 3 2
2898 -1 3 2
2899 -1 3 2
2900 -1 3 3
2901 0 3 3
2902 -1 2 4
2903 0 3 3
2904 -1 3 4
2905 -1 3 3
2906 -1 3 4
2907 -1 2 4
2908 -1 3 4
2909 -1 3 5
2910 -1 3 5
2911 -1 3 5
2912 -1 2 6
2913 -1 3 6
2914 -1 2 6
2915 -1 3 6
2916 -1 3 7
2917 0 2 7
2918 -1 2 7
2919 -1 2 6
2920 0 2 6
2921 -1 2 6
2922 -1 2 5
2923 0 3 5
2924 -1 2 5
2925 -1 2 4
2926 -1 2 4
2927 -1 2 4
2928 -1 2 4
2929 -1 2 4
2930 -1 2 4
2931 -1 2 4
2932 0 2 4
2933 -1 2 4
2934 0 2 3
2935 -1 2 3
2936 -1 2 2
2937 -1 2 2
2938 -1 2 2
2939 -1 2 3
2940 -1 2 3
2941 0 2 3
2942 -1 2 3
2943 -1 2 2
2944 0 2 2
2945 -1 2 2
2946 -1 2 1
2947 0 2 1
2948 -1 2 2
2949 -1 2 1
2950 -1 2 1
2951 -1 2 1
2952 0 2 1
2953 0 2 2
2954 -1 2 1
2955 -1 2 0
2956 -1 2 0
2957 -1 2 1
2958 0 2 1
2959 -1 2 1
2960 0 2 0
2961 0 2 1
2962 0 3 0
2963 0 3 0
2964 0 3 0
2965 0 2 -1
2966 0 3 -2
2967 0 2 -2
2968 0 3 -3
2969 0 2 -3
2970 0 3 -4
2971 0 3 -4
2972 0 3 -4
2973 0 3 -4
2974 0 3 -5
2975 0 3 -5
2976 0 3 -5
2977 0 3 -5
2978 0 3 -5
2979 -1 4 -5
2980 -1 3 -5
2981 0 4 -3
2982 0 4 -2
2983 0 4 -2
2984 0 4 -2
2985 0 4 -2
2986 0 4 -2
2987 -1 4 -2
2988 0 4 -2
2989 0 4 -1
2990 0 4 -1
2991 0 4 -1
2992 0 4 -1
2993 0 4 -1
2994 -1 4 -1
2995 0 4 -1
2996 0 4 0
2997 0 5 0
2998 -1 4 0
2999 -1 4 0
3000 -1 5 1
3001 0 5 2
3002 -1 4 3
3003 -1 4 3
3004 -1 5 4
3005 0 4 4
3006 -1 4 5
3007 -1 4 5
3008 -1 4 6
3009 0 4 6
3010 -1 4 7
3011 -1 4 6
3012 0 4 7
3013 -1 4 7
3014 -1 4 6
3015 0 4 7
3016 0 4 7
3017 -1 4 6
3018 -1 4 5
3019 -1 4 6
3020 -1 4 6
3021 -1 4 6
3022 -1 4 7
3023 -1 4 7
3024 -1 4 7
3025 -1 4 7
3026 -1 4 7
3027 -1 4 7
3028 -1 3 7
3029 -1 3 7
3030 -1 3 7
3031 0 3 7
3032 -1 3 7
3033 0 3 6
3034 -1 3 6
3035 -1 3 5
3036 -1 3 5
3037 -1 3 5
3038 -1 3 5
3039 -1 3 5
3040 -1 3 5
3041 -1 3 5
3042 -1 3 5
3043 -1 3 5
3044 -2 3 4
3045 -2 3 4
3046 -1 3 6
3047 -1 3 7
3048 -2 2 6
3049 -2 3 6
3050 -2 2 7
3051 -1 2 8
3052 -2 2 9
3053 -2 2 8
3054 -1 2 9
3055 -2 2 10
3056 -2 2 9
3057 -2 2 10
3058 -2 2 10
3059 -2 2 11
3060 -2 2 11
3061 -1 1 12
3062 -2 1 12
3063 -2 2 11
3064 -2 1 11
3065 -1 1 12
3066 -2 1 12
3067 -2 1 11
3068 -2 1 11
3069 -1 1 11
3070 -1 1 11
3071 -1 1 10
3072 -2 1 9
3073 -1 1 8
3074 -1 0 8
3075 -1 0 7
3076 -1 0 6
3077 -2 0 5
3078 -1 0 4
3079 -1 0 5
3080 -1 0 4
3081 -1 0 3
3082 0 0 2
3083 -1 0 2
3084 -1 0 0
3085 -1 0 0
3086 -1 0 0
3087 -1 0 0
3088 -1 0 -1
3089 -1 0 -1
3090 -1 1 -1
3091 -1 0 -1
3092 -1 1 -1
3093 -1 1 -1
3094 -1 1 -1
3095 -1 1 -1
3096 -1 1 -1
3097 -1 1 -1
3098 -1 1 -1
3099 -1 1 -1
3100 -1 1 -1
3101 -1 1 -1
3102 -1 1 -1
3103 -1 1 0
3104 -1 1 0
3105 -1 1 0
3106 -1 1 0
3107 -1 1 0
3108 -1 1 0
3109 -1 1 0
3110 -1 1 0
3111 -1 1 1
3112 -1 1 1
3113 0 1 1
3114 -1 1 1
3115 -1 2 0
3116 -1 1 1
3117 -1 1 1
3118 0 1 1
3119 -1 1 1
3120 -1 2 1
3121 -1 1 1
3122 0 1 1
3123 -1 1 1
3124 0 2 1
3125 0 2 1
3126 0 2 0
3127 0 2 0
3128 0 2 0
3129 0 2 -1
3130 0 2 -2
3131 0 2 -2
3132 0 2 -3
3133 0 2 -3
3134 0 2 -4
3135 0 2 -4
3136 0 2 -4
3137 0 3 -4
3138 0 3 -5
3139 -1 2 -5
3140 0 3 -5
3141 0 3 -4
3142 -1 3 -4
3143 0 3 -4
3144 0 3 -3
3145 0 3 -3
3146 0 3 -3
3147 0 3 -3
3148 0 3 -3
3149 0 3 -3
3150 0 3 -3
3151 0 3 -3
3152 0 3 -3
3153 0 3 -3
3154 0 3 -2
3155 0 3 -2
3156 0 3 -2
3157 0 4 -2
3158 0 4 -2
3159 0 4 -2
3160 0 4 -2
3161 0 4 -2
3162 0 4 -1
3163 0 4 -1
3164 0 4 -1
3165 0 4 -1
3166 0 5 -1
3167 -1 4 -1
3168 -1 4 0
3169 0 4 0
3170 0 4 1
3171 0 4 1
3172 -1 4 1
3173 -1 4 1
3174 -1 4 2
3175 -1 4 3
3176 0 4 4
3177 -1 4 5
3178 -1 4 5
3179 0 4 6
3180 -1 4 6
3181 -1 4 6
3182 0 4 7
3183 0 4 7
3184 0 4 6
3185 0 4 6
3186 0 4 5
3187 0 4 5
3188 -1 4 4
3189 -1 3 3
3190 -1 4 4
3191 -1 4 4
3192 -1 4 5
3193 -1 4 5
3194 -1 4 6
3195 -1 4 6
3196 -1 4 7
3197 0 4 7
3198 -1 4 7
3199 -1 3 6
3200 -1 4 6
3201 -1 4 7
3202 -1 3 7
3203 -1 4 7
3204 -1 4 7
3205 -1 3 7
3206 -1 3 7
3207 -1 3 7
3208 -1 3 7
3209 -1 3 7
3210 -1 3 7
3211 -1 3 7
3212 -1 3 7
3213 -1 3 7
3214 -1 3 6
3215 -1 2 6
3216 -2 2 6
3217 -2 3 6
3218 -2 3 7
3219 -2 3 8
3220 -1 2 9
3221 -1 2 10
3222 -1 2 9
3223 -2 2 9
3224 -1 2 8
3225 -2 2 9
3226 -1 2 8
3227 -2 2 9
3228 -2 2 9
3229 -1 2 9
3230 -2 2 10
3231 -1 1 9
3232 -1 2 9
3233 -1 1 9
3234 -1 1 8
3235 -2 1 7
3236 -1 1 7
3237 -1 1 7
3238 -2 1 7
3239 -1 1 6
3240 -1 1 6
3241 -1 1 6
3242 -1 1 5
3243 -2 1 5
3244 -1 1 4
3245 -1 1 5
3246 -1 1 4
3247 -1 1 4
3248 -2 1 3
3249 -1 0 3
3250 -1 1 3
3251 -1 1 3
3252 -1 1 2
3253 -1 1 2
3254 -1 1 2
3255 -1 1 1
3256 -1 1 1
3257 -1 1 1
3258 -1 1 1
3259 -1 1 0
3260 0 1 0
3261 -1 1 0
3262 -1 1 0
3263 0 1 0
3264 -1 1 0
3265 -1 1 -1
3266 -1 1 -1
3267 -1 1 -1
3268 -1 1 -1
3269 -1 1 -1
3270 -1 1 0
3271 -1 1 0
3272 -1 1 0
3273 -1 1 0
3274 -1 1 0
3275 0 1 0
3276 -1 1 0
3277 -1 1 0
3278 -1 1 0
3279 -1 1 0
3280 0 1 0
3281 -1 1 1
3282 -1 1 0
3283 0 2 0
3284 0 1 0
3285 -1 1 0
3286 -1 1 0
3287 -1 1 0
3288 0 2 0
3289 -1 2 0
3290 0 2 0
3291 0 2 0
3292 0 2 0
3293 0 2 -1
3294 0 2 -1
3295 0 2 -2
3296 0 2 -2
3297 0 2 -3
3298 0 2 -3
3299 0 2 -3
3300 0 3 -4
3301 0 2 -4
3302 -1 3 -4
3303 0 3 -4
3304 0 3 -3
3305 0 3 -3
3306 0 3 -3
3307 0 3 -4
3308 0 3 -4
3309 0 3 -4
3310 0 3 -4
3311 0 3 -4
3312 0 3 -4
3313 0 3 -3
3314 0 3 -3
3315 0 3 -3
3316 0 3 -3
3317 0 3 -3
3318 0 4 -3
3319 0 4 -3
3320 0 4 -3
3321 0 4 -2
3322 0 4 -2
3323 0 4 -2
3324 0 4 -2
3325 0 4 -2
3326 -1 4 -1
3327 0 4 -1
3328 -1 4 0
3329 0 4 0
3330 0 4 1
3331 -1 4 1
3332 -1 4 1
3333 -1 4 2
3334 0 5 3
3335 -1 4 4
3336 -1 4 4
3337 0 4 5
3338 -1 4 6
3339 0 4 5
3340 -1 4 6
3341 0 4 5
3342 -1 4 6
3343 -1 4 6
3344 -1 4 6
3345 0 4 7
3346 -1 4 7
3347 -1 4 7
3348 -1 4 7
3349 -1 4 7
3350 -1 4 8
3351 0 4 8
3352 -1 3 8
3353 -1 3 7
3354 -1 4 7
3355 -1 3 8
3356 -1 3 8
3357 -1 3 8
3358 -1 4 8
3359 -1 3 8
3360 -1 3 8
3361 0 3 8
3362 -1 3 8
3363 -1 3 7
3364 -1 3 7
3365 -1 3 6
3366 -1 3 6
3367 -1 3 6
3368 -1 3 6
3369 -1 3 6
3370 -1 3 6
3371 -1 2 6
3372 -1 2 6
3373 -1 2 6
3374 -2 2 5
3375 -1 2 5
3376 -1 2 6
3377 -1 2 6
3378 -2 2 6
3379 -1 2 6
3380 -1 2 7
3381 -1 2 6
3382 -1 2 6
3383 -1 2 6
3384 -1 2 5
3385 -1 2 5
3386 -1 2 5
3387 -1 2 5
3388 -1 2 4
3389 -1 2 4
3390 -1 2 4
3391 -1 2 4
3392 -1 2 3
3393 -1 2 3
3394 -1 2 3
3395 -2 2 3
3396 -1 2 3
3397 -1 1 4
3398 -1 2 4
3399 -1 1 3
3400 -1 1 3
3401 -1 2 3
3402 -1 1 3
3403 -1 1 3
3404 -1 2 3
3405 -1 1 3
3406 -2 2 2
3407 -1 1 2
3408 -1 1 4
3409 -1 2 3
3410 -1 1 3
3411 -1 1 3
3412 -1 1 3
3413 -1 1 3
3414 -1 2 3
3415 -1 2 3
3416 -1 1 3
3417 -1 1 3
3418 -1 2 2
3419 -1 2 2
3420 -1 1 2
3421 -1 1 2
3422 -1 1 2
3423 -1 1 2
3424 -1 1 2
3425 -1 1 2
3426 -1 1 2
3427 -1 1 2
3428 -1 1 2
3429 -1 2 2
3430 -1 2 2
3431 -1 2 2
3432 -1 1 2
3433 -1 2 2
3434 -1 1 2
3435 -1 1 2
3436 -1 1 2
3437 -1 1 3
3438 -1 1 3
3439 -1 1 3
3440 -1 1 3
3441 -1 1 3
3442 -1 1 3
3443 -1 2 3
3444 -1 1 3
3445 -1 1 3
3446 -1 2 3
3447 -1 1 3
3448 -1 1 3
3449 -1 1 3
3450 0 2 3
3451 -1 1 3
3452 -1 1 2
3453 -1 1 2
3454 0 1 2
3455 0 1 2
3456 0 2 1
3457 0 2 0
3458 0 2 0
3459 0 2 -1
3460 0 2 -2
3461 0 2 -2
3462 0 2 -3
3463 0 2 -4
3464 0 2 -4
3465 -1 2 -5
3466 0 3 -5
3467 0 2 -4
3468 0 3 -4
3469 -1 3 -5
3470 0 3 -5
3471 0 3 -4
3472 0 3 -4
3473 0 3 -4
3474 0 3 -4
3475 0 3 -5
3476 0 3 -5
3477 0 3 -5
3478 -1 3 -5
3479 -1 3 -5
3480 -1 3 -3
3481 0 3 -2
3482 0 3 -1
3483 0 4 -1
3484 -1 3 -1
3485 0 4 -1
3486 0 4 0
3487 0 4 0
3488 0 4 0
3489 0 4 0
3490 -1 4 0
3491 0 3 0
3492 0 4 0
3493 -1 4 0
3494 0 4 0
3495 0 4 1
3496 0 4 1
3497 0 4 0
3498 0 4 0
3499 -1 4 0
3500 -1 4 0
3501 0 4 1
3502 0 4 2
3503 -1 4 2
3504 0 4 2
3505 0 3 2
3506 -1 4 2
3507 0 4 2
3508 -1 4 3
3509 -1 4 2
3510 0 4 3
3511 -1 4 4
3512 -1 3 4
3513 -1 3 4
3514 -1 4 5
3515 -1 4 6
3516 -1 3 6
3517 -1 4 7
3518 -1 4 7
3519 -1 3 7
3520 -1 3 8
3521 -1 3 8
3522 -1 4 8
3523 -1 3 8
3524 -1 3 8
3525 -1 3 9
3526 -1 3 9
3527 -1 3 9
3528 -1 3 9
3529 -1 3 9
3530 -1 3 8
3531 -1 3 8
3532 -1 3 8
3533 -1 3 8
3534 -1 3 8
3535 -1 3 8
3536 -1 2 7
3537 -1 2 7
3538 -1 2 7
3539 -1 2 7
3540 -1 2 7
3541 -2 2 6
3542 -1 2 6
3543 -1 2 7
3544 -1 2 7
3545 -1 2 6
3546 -1 2 6
3547 -1 2 6
3548 -1 1 5
3549 -1 2 5
3550 -1 2 5
3551 -1 2 5
3552 -2 1 4
3553 -1 1 4
3554 -1 2 5
3555 -1 1 5
3556 -2 1 4
3557 -1 2 4
3558 -1 1 5
3559 -1 2 5
3560 -1 2 4
3561 -1 1 4
3562 -1 1 4
3563 -1 1 4
3564 -1 1 3
3565 -1 1 3
3566 -1 2 3
3567 -1 1 3
3568 -1 1 3
3569 -1 1 2
3570 -1 1 2
3571 -2 2 2
3572 -1 1 2
3573 -1 1 3
3574 -1 1 3
3575 -1 1 3
3576 -1 1 3
3577 -1 1 3
3578 -1 1 2
3579 -1 1 2
3580 -1 1 2
3581 -1 1 2
3582 -1 1 2
3583 -1 1 2
3584 -1 1 2
3585 -1 1 2
3586 -1 1 2
3587 -1 1 2
3588 -1 1 2
3589 -1 2 2
3590 -1 1 2
3591 -1 1 2
3592 0 2 2
3593 -1 1 2
3594 -1 1 1
3595 -1 1 1
3596 -1 1 1
3597 -1 1 1
3598 -1 1 1
3599 -1 1 1
3600 -1 1 2
3601 -1 1 2
3602 -1 1 2
3603 -1 1 2
3604 -1 2 2
3605 -1 1 2
3606 -1 1 2
3607 -1 1 2
3608 -1 1 3
3609 -1 1 3
3610 -1 1 3
3611 -1 1 3
3612 -1 1 3
3613 -1 1 3
3614 -1 1 3
3615 -1 1 3
3616 -1 1 3
3617 -1 1 3
3618 -1 1 3
3619 0 2 3
3620 0 1 3
3621 0 2 2
3622 0 1 1
3623 0 2 0
3624 0 1 0
3625 0 2 -1
3626 0 2 -1
3627 0 1 -2
3628 0 2 -3
3629 0 2 -3
3630 0 2 -4
3631 0 2 -4
3632 0 2 -5
3633 0 2 -5
3634 0 2 -5
3635 0 2 -6
3636 0 3 -6
3637 0 3 -6
3638 0 3 -6
3639 0 3 -6
3640 0 3 -6
3641 0 3 -6
3642 0 3 -6
3643 0 3 -6
3644 0 3 -6
3645 0 3 -5
3646 0 3 -5
3647 0 3 -5
3648 0 4 -5
3649 -1 4 -4
3650 0 4 -4
3651 -1 4 -3
3652 0 4 -2
3653 0 4 -1
3654 0 4 -1
3655 0 4 -1
3656 0 4 -1
3657 0 4 0
3658 0 4 0
3659 0 4 0
3660 0 4 0
3661 0 4 0
3662 -1 4 0
3663 0 4 0
3664 0 4 1
3665 0 4 1
3666 -1 4 1
3667 0 4 1
3668 -1 4 2
3669 -1 4 2
3670 -1 4 3
3671 -1 4 4
3672 0 4 5
3673 -1 4 6
3674 -1 4 5
3675 0 4 6
3676 0 4 7
3677 0 4 6
3678 0 4 6
3679 -1 4 5
3680 0 4 4
3681 -1 4 5
3682 0 4 5
3683 -1 4 5
3684 -1 3 4
3685 0 4 5
3686 -1 4 6
3687 -1 3 5
3688 -1 4 5
3689 0 4 6
3690 0 4 6
3691 -1 4 5
3692 0 4 4
3693 0 3 5
3694 -1 3 4
3695 -1 3 3
3696 -1 3 4
3697 -1 3 4
3698 -1 3 4
3699 0 3 5
3700 -1 3 5
3701 -1 3 4
3702 -1 3 4
3703 -1 3 5
3704 -1 3 5
3705 -1 3 5
3706 -1 3 5
3707 -1 3 5
3708 -1 3 6
3709 -1 3 6
3710 -1 3 6
3711 -2 3 6
3712 -2 2 6
3713 -2 2 7
3714 -1 3 8
3715 -1 3 9
3716 -1 2 9
3717 -1 2 9
3718 -1 2 8
3719 -1 2 8
3720 -2 2 8
3721 -1 2 7
3722 -1 2 8
3723 -1 2 8
3724 -1 2 8
3725 -1 2 7
3726 -1 2 7
3727 -1 1 6
3728 -2 1 6
3729 -1 1 6
3730 -1 2 7
3731 -1 2 6
3732 -1 1 6
3733 -1 1 5
3734 -1 1 5
3735 -2 1 5
3736 -1 1 4
3737 -1 1 5
3738 -1 1 5
3739 -2 1 4
3740 -1 1 4
3741 -1 1 5
3742 -1 1 5
3743 -1 1 4
3744 -1 1 4
3745 -1 1 4
3746 -1 1 3
3747 -1 1 3
3748 -1 1 3
3749 -1 1 2
3750 -1 1 2
3751 -1 1 2
3752 -1 1 2
3753 -2 1 2
3754 -1 1 2
3755 -1 1 3
3756 -1 1 3
3757 -1 1 2
3758 -1 1 2
3759 -1 1 2
3760 -1 1 2
3761 -1 1 2
3762 -1 1 2
3763 -1 1 2
3764 -1 1 2
3765 -1 1 2
3766 -1 1 2
3767 -1 1 2
3768 -1 1 2
3769 -1 1 2
3770 -1 1 2
3771 -1 1 2
3772 -1 1 2
3773 0 1 2
3774 -1 1 2
3775 -1 1 1
3776 -1 1 1
3777 -1 1 1
3778 0 1 1
3779 -1 1 1
3780 -1 1 0
3781 0 1 0
3782 -1 1 1
3783 0 1 0
3784 0 2 0
3785 0 2 0
3786 0 1 -1
3787 0 1 -2
3788 0 2 -2
3789 0 2 -3
3790 0 2 -4
3791 0 2 -4
3792 0 2 -5
3793 0 2 -5
3794 0 2 -5
3795 0 2 -5
3796 0 3 -6
3797 0 3 -6
3798 0 2 -6
3799 0 2 -6
3800 0 3 -6
3801 0 3 -6
3802 0 3 -6
3803 0 3 -6
3804 0 3 -6
3805 1 3 -5
3806 0 3 -5
3807 0 3 -6
3808 0 3 -6
3809 0 4 -6
3810 0 3 -5
3811 0 3 -5
3812 0 4 -5
3813 0 4 -4
3814 0 4 -4
3815 0 4 -3
3816 0 4 -3
3817 0 4 -3
3818 0 4 -2
3819 0 4 -2
3820 0 4 -2
3821 0 4 -1
3822 0 4 -1
3823 0 5 -1
3824 0 5 -1
3825 0 4 0
3826 0 4 0
3827 0 4 0
3828 0 4 0
3829 -1 4 0
3830 -1 4 0
3831 -1 5 1
3832 0 4 3
3833 0 4 4
3834 -1 4 4
3835 0 4 3
3836 -1 5 5
3837 0 4 4
3838 -1 5 5
3839 -1 5 5
3840 -1 4 6
3841 -1 5 7
3842 -1 4 7
3843 -1 4 8
3844 -1 4 9
3845 -1 4 9
3846 -1 4 9
3847 -1 4 10
3848 -1 4 10
3849 0 4 10
3850 -1 4 10
3851 -1 3 9
3852 -1 3 9
3853 -1 3 9
3854 -1 3 9
3855 -1 3 9
3856 -1 3 9
3857 -1 4 9
3858 -1 3 9
3859 -1 3 9
3860 -1 3 9
3861 -1 3 9
3862 0 2 8
3863 -1 3 8
3864 -1 3 7
3865 -2 2 7
3866 -1 2 6
3867 -1 2 7
3868 -1 2 7
3869 -1 2 7
3870 -1 2 7
3871 -1 2 6
3872 -1 2 6
3873 -1 2 6
3874 -2 1 5
3875 -1 1 5
3876 -1 2 6
3877 -1 2 6
3878 -1 2 5
3879 -2 2 5
3880 -1 2 5
3881 -1 2 6
3882 -1 2 5
3883 -1 1 5
3884 -1 1 5
3885 -1 1 4
3886 -1 1 4
3887 -1 2 4
3888 -1 1 4
3889 -1 1 3
3890 -1 1 3
3891 -2 1 3
3892 -1 1 3
3893 -1 2 4
3894 -1 1 3
3895 -1 2 3
3896 -1 1 3
3897 -2 1 3
3898 -1 1 3
3899 -1 2 4
3900 -1 1 4
3901 -1 1 3
3902 -1 1 3
3903 -1 1 3
3904 -1 1 3
3905 -1 1 3
3906 -1 1 3
3907 -1 1 2
3908 -1 1 2
3909 -1 1 2
3910 -1 1 2
3911 -1 1 2
3912 -1 1 2
3913 -1 1 2
3914 0 1 2
3915 -1 1 2
3916 -1 1 1
3917 -1 1 1
3918 0 1 1
3919 -1 1 1
3920 -1 1 0
3921 -1 1 0
3922 -1 1 0
3923 -1 1 0
3924 -1 1 1
3925 -1 1 1
3926 -1 2 1
3927 -1 1 1
3928 -1 1 1
3929 -1 1 1
3930 -1 1 2
3931 0 1 2
3932 -1 1 2
3933 -1 1 1
3934 -1 2 1
3935 -1 1 1
3936 -1 1 2
3937 -1 1 2
3938 -1 1 2
3939 -1 1 2
3940 -1 1 2
3941 0 1 3
3942 -1 1 3
3943 -1 1 2
3944 -1 1 2
3945 -1 2 2
3946 -1 1 2
3947 -1 1 3
3948 -1 2 3
3949 0 2 3
3950 0 2 3
3951 0 2 2
3952 0 2 1
3953 0 2 0
3954 0 2 0
3955 0 2 -1
3956 0 2 -1
3957 0 2 -2
3958 0 2 -3
3959 0 2 -3
3960 0 2 -4
3961 0 2 -4
3962 0 3 -4
3963 0 2 -5
3964 0 2 -5
3965 -1 2 -5
3966 0 3 -5
3967 0 3 -4
3968 0 3 -4
3969 0 3 -4
3970 0 3 -4
3971 0 3 -4
3972 -1 3 -4
3973 0 3 -4
3974 0 3 -3
3975 0 3 -3
3976 0 3 -3
3977 0 3 -3
3978 0 3 -3
3979 0 4 -3
3980 0 3 -3
3981 0 4 -3
3982 0 4 -2
3983 0 3 -2
3984 0 4 -2
3985 0 4 -2
3986 0 4 -2
3987 0 4 -2
3988 -1 4 -2
3989 0 4 -1
3990 0 4 0
3991 0 4 0
3992 0 4 0
3993 0 4 0
3994 -1 4 0
3995 0 4 0
3996 0 4 1
3997 0 4 1
3998 -1 4 1
3999 0 4 1
